5 18.3899 18.4391
10 18.3079 18.2976
15 18.6385 18.5528
20 18.4756 18.4592
25 18.5389 18.5285
30 18.6289 18.4956
35 18.4917 18.194
40 18.4195 18.5044
45 18.504 18.5248
50 18.5116 18.5219
55 18.664 18.3408
60 18.4469 18.4987
65 18.4988 18.5135
70 18.5 18.5
75 18.7222 18.2297
80 18.4356 18.5073
85 18.4914 18.4211
90 18.5384 18.5239
95 18.5591 18.5249
100 18.517 18.5225
105 18.5 18.5
110 18.5 18.5
115 18.4737 18.4665
120 18.3946 18.3515
125 18.6416 18.5418
130 18.5438 18.5078
135 18.5071 18.5087
140 18.4938 18.4347
145 18.5352 18.5221
150 18.5432 18.5213
155 18.4901 18.4727
160 18.5534 18.5279
165 18.5 18.5
170 18.6065 18.4442
175 18.5 18.5
180 18.4363 18.3093
185 18.4511 18.4592
190 18.4612 18.4641
195 18.4264 18.4165
200 18.5371 18.5229
205 18.4749 18.4693
210 18.4707 18.4685
215 18.6096 18.5193
220 18.5265 18.4393
225 18.54 18.4081
230 18.4694 18.4678
235 18.4224 18.4078
240 18.7476 18.4178
245 18.429 18.3622
250 18.5777 18.4189
255 18.5 18.5
260 18.5485 18.5209
265 18.522 18.5084
270 18.5136 18.4728
275 18.5 18.5
280 18.4757 18.4382
285 18.5 18.5
290 18.5781 18.5152
295 18.4672 18.181
300 18.6638 18.5499
305 18.4842 18.4741
310 18.5819 18.5084
315 18.5 18.5
320 18.5 18.5
325 18.5185 18.5152
330 18.4674 18.4391
335 18.7018 18.407
340 18.4869 18.5053
345 18.4824 18.4029
350 18.6153 18.5144
355 18.4961 18.4798
360 18.5 18.5
365 18.5408 18.52
370 18.5307 18.5
375 18.5 18.5031
380 18.5016 18.5076
385 18.4761 18.4002
390 18.6297 18.505
395 18.4976 18.4519
400 18.4519 18.4354
405 18.5 18.5
410 18.5485 18.5229
415 18.5335 18.5042
420 18.5015 18.5078
425 18.4919 18.4792
430 18.3846 18.2449
435 18.5821 18.5392
440 18.5601 18.5143
445 18.4948 18.4805
450 18.5615 18.5044
455 18.4987 18.4822
460 18.677 18.1207
465 18.4599 18.4935
470 18.5068 18.4851
475 18.4709 18.4433
480 18.5252 18.5169
485 18.4782 18.4726
490 18.5533 18.5194
495 18.5 18.5
500 18.4862 18.4781
505 18.5428 18.5201
510 18.534 18.4916
515 18.5064 18.4542
520 18.6398 18.3179
525 18.474 18.4954
530 18.5 18.5
535 18.4566 18.3487
540 18.6843 18.4893
545 18.4981 18.5062
550 18.5075 18.5072
555 18.4938 18.4815
560 18.5177 18.5134
565 18.4852 18.4779
570 18.5 18.5
575 18.4786 18.4746
580 18.5901 18.5008
585 18.501 18.4274
590 18.444 18.4388
595 18.398 18.3131
600 18.4431 18.4865
605 18.5147 18.4637
610 18.5177 18.513
615 18.513 18.5109
620 18.4891 18.4802
625 18.5 18.5
630 18.5171 18.513
635 18.5265 18.5124
640 18.5124 18.5065
645 18.5038 18.5051
650 18.4956 18.483
655 18.5169 18.5125
660 18.512 18.5106
665 18.5252 18.5068
670 18.5184 18.373
675 18.5206 18.4919
680 18.4915 18.4814
685 18.6343 18.3567
690 18.478 18.4939
695 18.4786 18.4446
700 18.5 18.5
705 18.4952 18.4833
710 18.4284 18.3522
715 18.5985 18.5348
720 18.5 18.5
725 18.5455 18.5044
730 18.5046 18.4818
735 18.5057 18.4875
740 18.5118 18.5103
745 18.4887 18.4806
750 18.442 18.4036
755 18.3987 18.3788
760 18.425 18.4271
765 18.5665 18.5334
770 18.6096 18.4309
775 18.4869 18.4969
780 18.486 18.4005
785 18.443 18.4614
790 18.5403 18.4436
795 18.4614 18.4445
800 18.4742 18.4744
805 18.6097 18.5052
810 18.4916 18.263
815 18.5834 18.5409
820 18.4631 18.4456
825 18.4205 18.395
830 18.5 18.5
835 18.5 18.5
840 18.5942 18.4905
845 18.4954 18.4938
850 18.503 18.4873
855 18.5877 18.3094
860 18.5529 18.4823
865 18.5245 18.4941
870 18.4956 18.4915
875 18.4896 18.4858
880 18.4884 18.488
885 18.5112 18.4677
890 18.6016 18.3859
895 18.4311 18.4233
900 18.4632 18.4851
905 18.4762 18.4679
910 18.5317 18.4447
915 18.6351 18.3432
920 18.5435 18.4804
925 18.5 18.5
930 18.5482 18.4823
935 18.4752 18.3832
940 18.5452 18.4815
945 18.5625 18.3207
950 18.3997 18.4103
955 18.5227 18.4957
960 18.5136 18.4767
965 18.5134 18.4707
970 18.6045 18.3469
975 18.5206 18.4949
980 18.5135 18.4946
985 18.496 18.4969
990 18.5017 18.4874
995 18.5394 18.477
1000 18.485 18.4765
1005 18.4822 18.4889
1010 18.5109 18.4698
1015 18.5313 18.51
1020 18.4901 18.461
1025 18.5168 18.5116
1030 18.563 18.4517
1035 18.478 18.4818
1040 18.5163 18.4725
1045 18.474 18.4549
1050 18.4768 18.4761
1055 18.4997 18.4997
1060 18.58 18.4919
1065 18.4957 18.4905
1070 18.5039 18.4893
1075 18.5105 18.5074
1080 18.5221 18.4893
1085 18.4859 18.4452
1090 18.4578 18.4578
1095 18.4501 18.4428
1100 18.3762 18.1727
1105 18.5393 18.5018
1110 18.511 18.3953
1115 18.4998 18.4997
1120 18.518 18.5119
1125 18.4994 18.4994
1130 18.4718 18.4536
1135 18.4995 18.4994
1140 18.4811 18.4788
1145 18.4559 18.4452
1150 18.5752 18.5238
1155 18.5145 18.5039
1160 18.4992 18.4992
1165 18.5563 18.3068
1170 18.4431 18.4651
1175 18.4709 18.4868
1180 18.4441 18.1979
1185 18.3151 18.3395
1190 18.3743 18.4053
1195 18.5784 18.47
1200 18.4903 18.4839
1205 18.5365 18.5123
1210 18.5273 18.4256
1215 18.469 18.4787
1220 18.5189 18.4765
1225 18.4873 18.4817
1230 18.4834 18.4802
1235 18.4993 18.4992
1240 18.5481 18.5065
1245 18.4992 18.4992
1250 18.5366 18.4317
1255 18.4269 18.3587
1260 18.4707 18.4873
1265 18.498 18.4981
1270 18.499 18.4879
1275 18.5296 18.4931
1280 18.4935 18.4823
1285 18.5047 18.4908
1290 18.5603 18.2472
1295 18.4412 18.4713
1300 18.4987 18.4988
1305 18.4979 18.5015
1310 18.4975 18.4975
1315 18.5661 18.1068
1320 18.3444 18.3811
1325 18.4395 18.4671
1330 18.4979 18.4981
1335 18.499 18.4452
1340 18.4993 18.4993
1345 18.4976 18.4505
1350 18.559 18.3895
1355 18.4564 18.447
1360 18.5213 18.5135
1365 18.5294 18.5118
1370 18.4824 18.4613
1375 18.6337 18.3559
1380 18.4571 18.4653
1385 18.4393 18.4129
1390 18.4788 18.4919
1395 18.4824 18.4852
1400 18.4794 18.4665
1405 18.461 18.4395
1410 18.5272 18.4828
1415 18.4975 18.4975
1420 18.468 18.4301
1425 18.3975 18.3538
1430 18.5584 18.5308
1435 18.4808 18.4792
1440 18.6822 18.249
1445 18.5472 18.4914
1450 18.4822 18.4002
1455 18.6344 18.4518
1460 18.4881 18.492
1465 18.491 18.4945
1470 18.4927 18.2285
1475 18.4306 18.46
1480 18.4628 18.4754
1485 18.4604 18.4288
1490 18.4132 18.3643
1495 18.4154 18.4372
1500 18.3539 18.1901
1505 18.2755 18.2812
1510 18.379 18.419
1515 18.4919 18.4926
1520 18.4793 18.4836
1525 18.4752 18.4518
1530 18.4525 18.4393
1535 18.4956 18.4791
1540 18.4932 18.3572
1545 18.5321 18.4834
1550 18.497 18.4406
1555 18.4852 18.4856
1560 18.4744 18.2982
1565 18.2992 18.1813
1570 18.1655 18.0922
1575 18.1329 18.136
1580 18.3073 18.3674
1585 18.5207 18.4664
1590 18.4701 18.4688
1595 18.4631 18.4562
1600 18.4751 18.4478
1605 18.4754 18.4749
1610 18.4665 18.4584
1615 18.4891 18.3855
1620 18.4402 18.4499
1625 18.459 18.4618
1630 18.4673 18.4672
1635 18.4348 18.4268
1640 18.4832 18.39
1645 18.4239 18.424
1650 18.3997 18.3767
1655 18.4324 18.4269
1660 18.4958 18.2605
1665 18.3716 18.3416
1670 18.3584 18.29
1675 18.2708 18.2288
1680 18.368 18.3397
1685 18.3717 18.3509
1690 18.3964 18.0713
1695 18.1516 18.091
1700 18.0821 18.0995
1705 18.103 18.0819
1710 18.4135 18.3755
1715 18.299 18.2127
1720 18.04 18.0057
1725 18.1076 18.0439
1730 17.9082 17.8674
1735 18.2958 18.3035
1740 17.9534 17.8555
1745 18.1903 17.8293
1750 17.3469 17.3824
1755 17.6269 17.5565
1760 17.8793 17.7314
1765 17.6717 17.7246
1770 17.5896 17.4123
1775 17.5222 17.5507
1780 17.7066 17.5769
1785 17.3897 17.3555
1790 17.9557 17.6461
1795 17.6115 17.7935
1800 17.7015 17.6196
1805 17.2845 17.2489
1810 17.2445 17.1337
1815 17.4621 17.3165
1820 17.3073 17.2922
1825 16.9541 16.6676
1830 16.9994 16.7264
1835 17.2261 17.4593
1840 16.6478 16.679
1845 17.7573 17.2222
1850 17.0147 17.2708
1855 16.5154 16.3453
1860 16.362 16.2891
1865 17.2227 16.6387
1870 16.4205 16.4059
1875 16.6608 17.0374
1880 16.4493 15.4874
1885 16.7955 16.9438
1890 16.6902 16.0377
1895 16.5469 16.6384
1900 15.7325 15.3556
1905 15.4144 15.5303
1910 15.6697 15.5
1915 17.1369 16.7224
1920 16.2188 16.2734
1925 16.4871 16.2058
1930 14.9543 13.9418
1935 15.4119 16.3985
1940 15.4828 13.8346
1945 14.2767 15.2091
1950 15.8105 13.7399
1955 14.4954 15.7863
1960 16.0382 15.3013
1965 14.9781 17.8008
1970 17.8767 15.4103
1975 16.4774 16.4303
1980 14.6979 16.202
1985 16.1788 14.6192
1990 16.359 15.6402
1995 14.7127 14.4918
2000 14.8606 15.0223
2005 15.5423 15.0108
2010 15.5531 15.5107
2015 15.6826 15.5802
2020 14.6567 14.9638
2025 16.8419 16.985
2030 16.9222 17.7394
2035 17.8794 15.0424
2040 14.5418 13.6966
2045 16.3572 16.6074
2050 17.3396 14.4847
2055 15.2226 12.4816
2060 14.1966 13.2451
2065 12.6963 12.6878
2070 14.0877 10.2531
2075 10.6957 13.1293
2080 12.6346 14.6459
2085 15.3146 14.0103
2090 14.029 9.45877
2095 12.4223 15.6452
2100 17.1646 13.7342
2105 14.9144 14.6726
2110 13.7471 9.87006
2115 13.2644 13.2897
2120 14.9478 13.1543
2125 13.9505 15.1577
2130 16.7896 9.42623
2135 11.4809 9.65686
2140 9.40709 10.8996
2145 12.094 12.2243
2150 12.9888 10.0369
2155 9.70308 8.46936
2160 10.7347 10.8157
2165 12.3206 8.79809
2170 11.8575 8.48965
2175 9.49085 17.4649
2180 15.038 13.3347
2185 16.6703 8.16386
2190 8.60271 6.64177
2195 10.4257 10.7013
2200 11.1834 9.46761
2205 12.3279 9.17516
2210 9.68196 7.64137
2215 9.18136 5.59939
2220 7.67929 6.87251
2225 6.60826 5.47163
2230 10.6122 11.1207
2235 12.4373 7.30225
2240 10.7904 8.06214
2245 10.3267 5.83972
2250 8.06594 7.27333
2255 8.18907 7.94841
2260 9.32601 7.83006
2265 8.13164 5.95733
2270 7.81448 5.51575
2275 8.9123 7.41744
2280 7.52642 6.59156
2285 7.80732 7.57333
2290 7.798 8.76971
2295 9.49457 8.10252
2300 8.48057 4.84531
2305 5.42106 3.9371
2310 7.15168 6.636
2315 8.14562 9.71762
2320 10.6623 9.8867
2325 9.43575 10.3426
2330 12.0085 12.5108
2335 13.1191 8.93642
2340 7.9558 12.3218
2345 12.1839 8.65447
2350 11.9606 11.3896
2355 11.3885 7.87751
2360 9.66745 7.95213
2365 9.33494 6.56787
2370 7.23849 5.8962
2375 8.64243 9.02999
2380 9.46662 8.07726
2385 10.23 11.2049
2390 10.2693 7.7035
2395 10.4889 9.17627
2400 8.02624 5.30935
2405 7.38974 7.48363
2410 7.43223 4.20788
2415 9.79614 7.38869
2420 7.39201 5.86237
2425 7.15332 6.89528
2430 6.20564 4.3325
2435 6.35784 5.41327
2440 7.71655 7.28744
2445 6.97561 6.07377
2450 8.76788 5.6465
2455 8.28508 8.07047
2460 8.17897 7.08656
2465 8.72072 12.0353
2470 14.2462 8.66842
2475 11.4017 9.18745
2480 10.6122 7.66037
2485 10.7056 7.90704
2490 7.76645 8.69292
2495 8.6712 5.8436
2500 8.23689 5.91683
2505 8.13187 5.49703
2510 10.858 9.47339
2515 7.8823 6.19579
2520 8.2563 6.59498
2525 9.6228 7.78014
2530 9.52936 8.91102
2535 8.74119 6.60665
2540 9.59126 6.83915
2545 8.03336 7.2183
2550 7.86063 5.78696
2555 10.1982 8.20963
2560 10.6599 5.311
2565 6.90164 4.41675
2570 8.55213 7.16817
2575 8.99962 4.84474
2580 6.60811 5.8873
2585 8.2443 7.13729
2590 11.9986 4.12866
2595 6.17759 3.52769
2600 5.8349 5.96364
2605 6.95697 5.01906
2610 7.72156 6.32361
2615 7.0536 4.89967
2620 6.41239 4.87036
2625 7.31474 5.58202
2630 7.66565 5.87339
2635 6.33792 6.17862
2640 5.3296 4.59427
2645 4.79268 3.52151
2650 4.86608 3.99688
2655 4.93029 3.03053
2660 7.74084 5.62571
2665 8.08451 7.55183
2670 5.70726 3.73184
2675 6.81887 4.68944
2680 7.6549 5.75537
2685 4.39928 4.11405
2690 6.19908 6.32173
2695 6.90323 3.05497
2700 4.91033 4.7171
2705 5.5986 5.64165
2710 3.80905 2.89368
2715 7.76044 6.7372
2720 6.86504 5.13544
2725 6.40466 5.02292
2730 5.51012 5.16572
2735 5.04993 3.87517
2740 4.71412 3.87138
2745 5.61235 5.72913
2750 6.12797 4.97279
2755 6.76931 4.54708
2760 4.5897 3.79647
2765 4.53705 4.48302
2770 5.15161 4.9193
2775 6.21339 4.84752
2780 5.41414 2.97046
2785 6.72741 5.79153
2790 5.08067 3.7201
2795 7.24779 7.131
2800 6.50872 6.56421
2805 5.58343 5.07484
2810 6.30802 4.99544
2815 6.59171 5.49729
2820 6.10839 4.73327
2825 6.59421 3.62662
2830 4.05138 3.3153
2835 8.26165 5.9962
2840 6.99934 5.28363
2845 7.16555 4.36843
2850 5.05227 3.53415
2855 5.48281 4.44924
2860 5.86257 5.04711
2865 6.18063 5.31224
2870 6.30291 4.72386
2875 6.18096 7.81901
2880 9.00229 4.64
2885 8.70127 8.87453
2890 11.6834 5.67159
2895 8.55919 6.32781
2900 7.40759 5.28901
2905 6.55587 5.17818
2910 7.33624 4.29054
2915 5.05367 4.32874
2920 7.05054 4.38642
2925 5.69558 3.85125
2930 4.5416 2.81751
2935 6.50965 4.13718
2940 4.01145 3.27663
2945 2.73883 2.15533
2950 4.77199 5.20756
2955 5.0284 4.33826
2960 6.4161 4.88807
2965 7.44909 4.1653
2970 5.27435 3.8792
2975 4.62536 3.2318
2980 5.83027 4.23761
2985 7.7657 4.42635
2990 6.67904 6.95616
2995 5.73746 3.74406
3000 6.66117 3.29763
3005 3.75192 3.11777
3010 5.25325 5.06811
3015 3.75565 3.11639
3020 5.0237 4.46197
3025 5.42334 4.32061
3030 5.62856 4.38279
3035 4.44639 3.47427
3040 3.88102 3.25491
3045 4.49988 2.32873
3050 5.57814 4.13569
3055 3.68505 3.0124
3060 3.58031 2.49236
3065 5.59418 2.84853
3070 6.11574 4.24442
3075 5.08115 2.40995
3080 9.25266 6.27505
3085 4.7306 3.65352
3090 7.67085 4.38088
3095 5.50055 4.53248
3100 6.58506 6.1774
3105 6.89458 3.73954
3110 7.5053 4.3744
3115 3.54656 2.44273
3120 5.39158 5.0778
3125 6.81156 5.69767
3130 7.22215 3.88197
3135 6.04554 4.31193
3140 4.94854 3.56353
3145 4.99729 7.96612
3150 10.987 4.15569
3155 7.25608 4.36872
3160 7.58602 5.39359
3165 5.09479 4.40428
3170 6.00667 4.32903
3175 5.75547 4.22942
3180 7.61534 5.87067
3185 5.61819 5.47984
3190 5.41283 3.98221
3195 4.69609 3.47021
3200 6.94362 5.25195
3205 5.60283 4.33448
3210 9.20224 7.08426
3215 7.98851 6.30984
3220 5.56314 3.8814
3225 4.85874 4.75199
3230 5.80125 3.8731
3235 5.17346 4.38468
3240 6.64863 4.36906
3245 8.38978 6.17874
3250 7.41431 5.35131
3255 5.69205 3.49842
3260 4.97113 3.9439
3265 5.26779 4.84475
3270 8.54266 8.46749
3275 4.51146 2.93483
3280 4.78687 3.38642
3285 4.66626 4.36848
3290 4.67459 3.25967
3295 5.70997 3.92421
3300 5.16973 5.01258
3305 5.11807 8.24181
3310 4.87863 3.31183
3315 6.94816 6.42443
3320 6.59621 5.11008
3325 8.8773 8.23009
3330 6.95104 6.15595
3335 6.47909 4.72362
3340 4.83798 3.55718
3345 7.30272 5.72898
3350 5.58071 3.45236
3355 6.2165 5.95098
3360 5.90569 5.47777
3365 6.14851 5.22901
3370 4.65981 3.00431
3375 4.72587 5.11404
3380 6.55442 6.24969
3385 4.9744 3.26685
3390 5.22764 3.25913
3395 5.46522 3.34288
3400 3.50654 2.70978
3405 5.96101 6.48449
3410 3.94583 3.41355
3415 4.30067 3.98488
3420 5.92378 4.47833
3425 3.13355 1.95673
3430 5.50145 6.3385
3435 5.31773 4.71942
3440 4.55406 3.27249
3445 4.90389 4.14254
3450 4.61198 3.5537
3455 3.72471 2.98932
3460 3.33653 2.801
3465 2.70035 2.48518
3470 6.87249 6.61945
3475 7.9092 7.07894
3480 5.44192 4.61714
3485 4.75639 4.22785
3490 3.44019 2.13385
3495 4.01668 3.99697
3500 4.49824 4.00765
3505 3.90738 2.73166
3510 3.76836 1.8693
3515 5.24484 2.77203
3520 5.01506 2.84692
3525 1.8348 1.38508
3530 5.66329 4.15939
3535 4.47859 1.35567
3540 4.34585 3.49828
3545 4.66917 3.8734
3550 4.59209 2.78175
3555 6.34924 2.96516
3560 7.17381 3.8262
3565 6.99729 5.33838
3570 4.99979 2.84022
3575 6.51252 5.6853
3580 4.33867 3.54892
3585 5.66153 3.81261
3590 3.15586 2.52402
3595 5.31532 8.1242
3600 8.98599 3.58278
3605 7.01243 6.72062
3610 5.79892 4.32435
3615 5.25573 4.35169
3620 3.61645 3.17441
3625 4.55699 3.91286
3630 4.21971 2.54194
3635 2.82755 1.86298
3640 5.79721 6.13948
3645 5.6897 3.17614
3650 6.13389 4.25614
3655 7.20647 4.34363
3660 4.24157 2.84909
3665 4.15028 3.85299
3670 4.46377 2.89626
3675 3.88424 2.427
3680 3.58687 2.30809
3685 3.67841 1.65743
3690 6.1562 2.62702
3695 4.17068 3.71294
3700 5.1552 2.84316
3705 5.30323 2.75277
3710 6.12816 3.96067
3715 3.32124 2.47648
3720 3.08483 2.41579
3725 6.51219 5.44802
3730 4.43016 1.99253
3735 3.90835 3.87992
3740 3.53928 2.57996
3745 5.8143 4.23095
3750 2.89736 1.69416
3755 6.03789 6.26175
3760 4.63413 3.41327
3765 4.73967 4.01811
3770 5.13244 3.77733
3775 5.01531 4.244
3780 4.5683 3.92082
3785 4.8614 4.17658
3790 4.35136 2.96788
3795 3.03558 2.61232
3800 4.20856 3.40797
3805 4.39724 3.89422
3810 3.06627 2.54886
3815 3.62703 3.34464
3820 5.16612 4.00726
3825 3.06719 2.52191
3830 5.0637 3.66706
3835 3.98009 3.83178
3840 7.31508 6.32884
3845 4.59919 3.14222
3850 3.82941 1.74494
3855 4.15686 4.51189
3860 4.82848 2.90233
3865 5.09121 3.39922
3870 3.10973 2.67277
3875 3.21514 3.39748
3880 4.77815 3.46477
3885 6.12997 6.2272
3890 6.50177 5.13594
3895 4.74253 2.86912
3900 3.89665 2.77308
3905 2.8142 2.62039
3910 3.71935 6.1829
3915 5.65001 1.38585
3920 2.37726 1.85946
3925 2.8191 1.99035
3930 4.71534 2.37344
3935 2.60341 2.19705
3940 6.49566 6.57038
3945 4.42997 2.89408
3950 4.60326 2.71965
3955 4.35696 2.57321
3960 3.75162 3.28233
3965 3.80608 2.56972
3970 3.71973 2.36768
3975 3.00759 2.19463
3980 2.44667 1.10255
3985 2.46842 2.10571
3990 3.85951 2.38646
3995 2.94119 2.21007
4000 5.24483 6.02188
4005 3.18564 1.71429
4010 3.45862 3.42988
4015 3.47765 2.31697
4020 5.74482 6.8151
4025 4.98391 3.28839
4030 5.53183 3.40396
4035 2.46998 1.34259
4040 3.91519 2.28021
4045 6.49742 6.48691
4050 4.9358 3.52968
4055 4.15234 3.60733
4060 3.49437 3.58414
4065 3.92034 2.54088
4070 4.86727 4.83086
4075 5.06294 3.66665
4080 5.40941 4.61533
4085 4.10585 2.58999
4090 3.86085 2.77805
4095 2.97056 2.42291
4100 2.94766 2.41236
4105 3.52416 3.67355
4110 3.27442 3.37612
4115 5.00631 3.74955
4120 3.5352 1.60839
4125 1.74286 1.17967
4130 1.7941 1.84838
4135 2.94275 3.25449
4140 4.05647 3.77233
4145 3.1973 2.71555
4150 2.59936 2.27949
4155 1.46234 1.09024
4160 1.17887 0.874974
4165 5.2434 5.08075
4170 4.23309 2.55945
4175 5.2463 3.75173
4180 5.1846 4.73044
4185 4.11182 2.80163
4190 4.85749 4.01936
4195 4.7753 2.70722
4200 2.06671 1.21686
4205 2.62462 2.07619
4210 4.69168 3.38199
4215 3.84106 3.74
4220 4.21668 3.28772
4225 4.09341 2.34331
4230 3.80823 2.1977
4235 3.73719 2.35028
4240 3.44581 1.03682
4245 2.47582 1.75794
4250 1.92661 0.914379
4255 2.15756 1.9324
4260 2.29521 0.843917
4265 3.80977 3.03119
4270 2.439 2.10321
4275 2.03367 1.95332
4280 4.15119 3.33333
4285 5.0475 3.10405
4290 2.51794 2.14561
4295 3.07125 2.2221
4300 4.05914 1.26558
4305 4.83825 2.2212
4310 1.74747 0.618822
4315 1.67744 0.680351
4320 2.22872 1.74139
4325 4.84908 4.83716
4330 4.847 2.85927
4335 2.41176 2.20481
4340 2.92785 1.10698
4345 3.71498 4.53673
4350 5.49966 3.09379
4355 3.51615 3.53041
4360 6.11419 6.35906
4365 5.82569 4.05125
4370 6.10324 1.83709
4375 5.0218 2.12616
4380 6.24058 4.08237
4385 2.92996 1.62919
4390 3.12766 3.30712
4395 5.88423 3.60201
4400 5.30582 3.6769
4405 3.72966 2.55979
4410 4.69753 3.47304
4415 4.17734 2.17377
4420 3.36364 1.09356
4425 2.16731 2.0545
4430 1.74226 0.779205
4435 2.48905 0.830509
4440 3.1964 0.641123
4445 2.6376 1.6721
4450 5.41167 5.0798
4455 4.16716 1.76478
4460 5.34057 5.36687
4465 4.0848 3.74934
4470 3.4271 2.86764
4475 3.85056 2.6044
4480 2.9716 2.28833
4485 2.51846 2.17857
4490 2.89834 1.99956
4495 3.61333 2.28323
4500 3.12465 2.77151
4505 1.7207 1.04256
4510 2.88318 2.11385
4515 3.72399 3.07431
4520 4.7686 3.25617
4525 2.6413 2.26089
4530 4.21104 3.5495
4535 4.1717 3.69239
4540 3.81201 2.8268
4545 2.04016 1.32489
4550 2.53579 1.90112
4555 4.24944 3.00485
4560 1.99278 1.90599
4565 4.50224 2.24213
4570 5.971 3.01619
4575 3.7257 3.51859
4580 4.08404 3.47899
4585 4.32773 2.53025
4590 1.89768 1.149
4595 2.20054 1.91035
4600 2.72835 2.6517
4605 3.1907 5.05445
4610 5.52975 2.52945
4615 4.62107 3.60205
4620 4.27008 3.31687
4625 3.44904 3.47969
4630 4.37962 4.34153
4635 5.03457 2.52447
4640 4.67509 2.57569
4645 5.11851 4.32906
4650 7.01763 5.58674
4655 4.90622 3.16943
4660 5.01786 2.51432
4665 5.20523 2.71323
4670 3.5817 3.36272
4675 4.11188 3.38088
4680 6.25826 3.40463
4685 3.88879 3.26008
4690 2.66772 1.48749
4695 2.66435 1.09993
4700 3.31591 1.80097
4705 2.56562 1.87982
4710 4.21484 2.98217
4715 3.50322 2.97006
4720 6.11478 3.30625
4725 3.07345 1.15342
4730 4.04376 3.06189
4735 4.65147 4.52804
4740 4.14138 2.42029
4745 3.47081 2.26491
4750 4.12045 3.35538
4755 5.74264 4.52946
4760 2.89615 2.56181
4765 2.59078 1.19482
4770 2.37135 1.06873
4775 2.21158 0.782715
4780 0.91512 0.548069
4785 1.68594 1.53941
4790 3.00464 1.81823
4795 2.41661 0.708516
4800 5.23719 3.42031
4805 4.0013 3.59681
4810 3.46469 1.34129
4815 4.67442 2.26066
4820 5.26999 4.12399
4825 4.16584 3.65901
4830 3.61375 2.64151
4835 5.41543 3.31251
4840 6.12504 2.13274
4845 4.47401 2.51272
4850 3.58672 2.58394
4855 4.94061 2.31642
4860 3.44153 2.30832
4865 3.60006 2.08703
4870 3.98999 3.04037
4875 3.00928 2.53018
4880 5.36669 3.18795
4885 2.60978 2.20059
4890 2.01293 1.96114
4895 7.02279 6.09486
4900 5.05713 4.66492
4905 5.07484 3.15599
4910 4.29963 2.62245
4915 5.43727 5.27986
4920 3.5496 1.6425
4925 3.40913 3.26088
4930 3.84838 2.31171
4935 4.85543 3.82549
4940 3.90222 2.44912
4945 3.25706 2.40541
4950 1.34442 0.932415
4955 3.818 2.67652
4960 3.11197 1.90794
4965 3.40112 2.09832
4970 1.63254 0.737515
4975 2.17001 1.74668
4980 4.46624 1.90482
4985 4.24746 3.2334
4990 2.68096 1.02506
4995 1.51194 0.618331
5000 3.09629 1.6695
5005 1.96981 1.91329
5010 2.80118 3.23217
5015 2.89805 2.10537
5020 4.61107 2.08866
5025 4.12154 1.98411
5030 2.45235 2.01795
5035 3.0967 3.01675
5040 3.03322 2.1534
5045 5.56713 5.32005
5050 3.41102 2.66717
5055 3.40819 2.62784
5060 6.16992 6.19807
5065 4.97214 3.62862
5070 4.01035 3.58312
5075 5.03913 4.05909
5080 5.55688 2.97221
5085 2.98239 2.26511
5090 2.73505 2.40932
5095 4.75198 5.3907
5100 3.27533 1.63716
5105 2.42421 2.13384
5110 2.32995 0.974779
5115 1.83724 1.86279
5120 2.54225 1.87499
5125 2.68907 2.92839
5130 2.13185 0.985561
5135 2.80118 2.09027
5140 1.79658 1.84401
5145 2.70455 2.01019
5150 2.41338 2.00003
5155 2.07506 1.95184
5160 3.26812 2.02155
5165 3.21762 1.50251
5170 2.61606 2.07803
5175 2.15285 1.81437
5180 5.78376 6.01981
5185 6.96656 4.74376
5190 3.99976 2.9492
5195 1.86686 1.35127
5200 3.50207 3.37383
5205 3.63197 3.64288
5210 4.50087 4.16965
5215 4.65453 3.63378
5220 3.35521 2.56299
5225 4.58376 3.02299
5230 3.77761 1.96865
5235 3.40765 1.98396
5240 2.19651 2.01984
5245 4.49201 2.12843
5250 3.46672 0.981712
5255 5.7532 2.36315
5260 4.2726 1.71403
5265 5.4073 2.86554
5270 3.90287 4.23312
5275 2.84187 1.39253
5280 5.00806 3.45625
5285 4.36444 4.19047
5290 5.29102 2.84709
5295 3.59477 2.11965
5300 3.06257 2.20139
5305 2.25227 2.06896
5310 2.72846 2.31757
5315 3.45542 1.97388
5320 3.04706 12.2576
5325 15.3161 14.6223
5330 14.7116 14.3827
5335 14.8355 14.1303
5340 14.9405 14.5581
5345 14.9285 14.4516
5350 14.2463 14.1837
5355 15.49 14.6284
5360 15.5272 14.7112
5365 15.9655 16.0092
5370 15.8731 15.5361
5375 15.0965 14.5685
5380 15.8326 14.8516
5385 14.763 14.6006
5390 15.4709 13.5042
5395 14.3308 13.106
5400 12.6084 9.20565
5405 9.83628 7.92846
5410 7.90087 11.0095
5415 9.65658 6.38456
5420 7.17534 6.27105
5425 8.33009 6.18022
5430 5.77765 4.14295
5435 5.40864 3.68898
5440 6.02577 2.70911
5445 4.12027 3.73016
5450 4.80844 3.9815
5455 5.46012 2.67425
5460 4.63098 4.17048
5465 6.15345 5.03156
5470 5.17676 4.43294
5475 5.3565 2.95257
5480 3.23175 1.53548
5485 5.62536 3.58674
5490 3.53688 3.52013
5495 3.82955 3.86302
5500 3.94218 3.58536
5505 5.19484 3.13106
5510 5.86737 5.52354
5515 3.16921 1.78753
5520 3.73054 2.25396
5525 3.53529 3.59334
5530 5.25634 1.18818
5535 6.09653 4.43791
5540 5.36117 4.78458
5545 4.94778 4.78337
5550 2.7204 1.74509
5555 4.93321 2.87945
5560 5.38386 1.47746
5565 4.13806 3.42028
5570 4.59235 4.78197
5575 4.68636 4.03327
5580 3.9492 3.9114
5585 4.18943 2.89752
5590 4.93885 3.63843
5595 3.07583 1.52072
5600 3.57806 3.45703
5605 5.62231 3.49703
5610 4.16501 3.19846
5615 4.41569 6.16963
5620 5.24805 4.30069
5625 5.32406 4.9042
5630 4.94279 4.18565
5635 4.98617 4.92805
5640 4.63233 4.2894
5645 3.81519 3.51594
5650 4.96654 4.95499
5655 5.90503 5.65674
5660 3.54214 2.90471
5665 5.24375 5.65425
5670 5.33277 3.80787
5675 3.82082 2.82481
5680 4.89428 4.59245
5685 5.05233 4.81328
5690 4.54369 4.30551
5695 5.55348 4.82792
5700 5.1715 5.00316
5705 4.2819 3.68589
5710 4.41265 2.75184
5715 3.80022 3.32612
5720 3.39288 2.49295
5725 5.07302 3.75035
5730 5.38529 5.36947
5735 4.7962 3.99053
5740 4.3769 3.94549
5745 3.0076 2.43065
5750 2.49207 2.26555
5755 3.737 3.1474
5760 6.18878 6.12871
5765 4.38103 3.68195
5770 6.77211 6.74115
5775 5.89556 4.15764
5780 3.55542 1.78083
5785 3.10127 3.15547
5790 3.05217 2.55187
5795 2.48309 2.26732
5800 3.75898 3.21205
5805 2.77617 2.40626
5810 4.47015 4.685
5815 3.49818 3.31252
5820 3.43507 2.5759
5825 3.25532 3.2789
5830 4.45874 2.41811
5835 3.19684 3.31469
5840 3.86217 3.67511
5845 3.28095 2.37967
5850 4.57468 4.45445
5855 3.47831 2.05535
5860 5.75874 4.6039
5865 5.42559 9.36494
5870 11.1895 7.65307
5875 8.67152 3.07554
5880 3.74229 2.61403
5885 8.28528 6.79638
5890 11.2851 3.59533
5895 6.3735 3.44359
5900 5.09021 2.55369
5905 4.87428 2.47033
5910 10.82 4.92967
5915 4.31801 1.45576
5920 4.61365 3.0292
5925 9.15899 7.54095
5930 4.56269 2.96305
5935 4.48575 2.43847
5940 3.60483 2.5387
5945 4.14926 3.13108
5950 1.51379 1.04202
5955 3.40148 1.68552
5960 2.73155 0.894197
5965 3.63521 0.713281
5970 4.1499 3.09614
5975 3.83515 3.00286
5980 2.89823 2.26377
5985 1.60387 1.03295
5990 3.32758 4.40295
5995 5.78543 5.6404
6000 6.0855 3.11287
6005 4.95123 2.85073
6010 6.42864 6.29034
6015 4.48653 2.79667
6020 4.05287 3.0665
6025 3.7136 3.41897
6030 3.03033 2.41124
