5 24.1621 23.4261
10 23.2837 22.708
15 22.6465 22.2448
20 22.4109 22.3517
25 22.1305 21.2821
30 21.4747 21.1743
35 20.9608 20.8579
40 20.8763 20.8259
45 20.8869 20.8653
50 21.131 21.2138
55 20.8251 20.6991
60 20.8633 20.827
65 20.5839 20.5309
70 20.2117 20.1763
75 20.63 20.6319
80 20.9793 20.9715
85 20.6773 20.6764
90 20.9178 20.9284
95 21.1385 21.1676
100 20.7469 20.663
105 20.6498 20.6357
110 20.8615 20.8693
115 20.7336 20.7419
120 21.0639 21.0603
125 20.8101 20.8195
130 21.1303 21.0826
135 20.7588 20.7343
140 20.9 20.9214
145 21.3975 21.3984
150 20.5195 20.5255
155 20.6394 20.6311
160 20.8615 20.8614
165 21.1367 21.134
170 20.9156 20.8579
175 20.21 20.21
180 20.6534 20.6617
185 20.8793 20.8748
190 21.1984 21.1745
195 20.9096 20.8467
200 20.5228 20.5203
205 20.5636 20.5763
210 20.5519 20.5427
215 20.9083 20.912
220 20.4754 20.4776
225 20.6881 20.6848
230 21.2758 21.2668
235 21.1522 21.1374
240 20.7987 25.6599
245 25.6093 22.7729
250 22.79 23.6535
255 23.675 22.508
260 22.6224 22.6522
265 22.5556 22.0406
270 21.6286 20.8636
275 21.1668 21.234
280 21.0623 21.0162
285 21.1659 21.3431
290 21.4567 20.8885
295 20.8407 20.8497
300 20.4964 20.3788
305 20.8141 20.9224
310 20.8953 20.8952
315 21.0807 21.0595
320 20.9891 20.9245
325 21.1388 21.1606
330 21.3602 21.2965
335 20.9205 20.9542
340 20.8919 20.7924
345 21.2457 21.309
350 20.8608 20.7838
355 20.8294 20.8334
360 21.2888 21.37
365 20.7061 20.6313
370 21.1278 21.1417
375 21.0262 21.0005
380 20.6057 20.6201
385 20.7532 20.7486
390 20.9781 20.9731
395 20.999 21.005
400 21.0164 21.0068
405 21.0701 21.0745
410 20.8708 20.8783
415 21.1765 21.1764
420 20.8214 20.7828
425 20.6953 20.6955
430 21.2918 21.2348
435 20.7763 20.7865
440 20.7293 20.7267
445 20.9426 20.9324
450 20.8317 20.8499
455 20.6144 20.5957
460 20.8936 20.8899
465 20.8073 20.7982
470 20.5999 20.585
475 20.6596 20.6463
480 21.2335 21.2217
485 20.7687 20.7766
490 20.9835 20.9823
495 21.2295 21.2296
500 20.6215 20.6308
505 20.8108 20.8093
510 20.7639 20.7644
515 21.4225 21.4101
520 20.9768 20.9803
525 20.9758 20.9784
530 20.7865 20.7678
535 21.1395 21.1423
540 20.936 20.9309
545 21.0224 20.937
550 20.6056 20.6314
555 20.7439 20.7478
560 20.7568 20.7526
565 20.767 20.7575
570 21.0777 21.0754
575 20.8394 20.8405
580 20.62 20.6103
585 20.7204 20.7163
590 20.9335 20.933
595 21.0011 20.9963
600 20.7909 20.7845
605 20.8884 20.8891
610 20.9842 20.9842
615 20.7917 20.7936
620 20.8514 20.8511
625 20.9194 20.92
630 21.2332 21.1948
635 20.8534 20.8574
640 20.941 20.9372
645 20.4992 20.5086
650 20.8435 20.843
655 21.1153 21.0867
660 20.7665 20.7734
665 20.8461 20.836
670 21.156 21.1643
675 21.1202 21.1247
680 20.8507 20.8496
685 20.2086 20.218
690 20.5782 20.5791
695 21.0107 21.0074
700 21.0748 21.0555
705 21.0441 21.0292
710 20.5758 20.5485
715 20.7828 20.7712
720 20.9675 20.9654
725 20.7735 20.7749
730 20.3529 20.3528
735 21.3002 21.2903
740 20.7784 20.7817
745 20.8546 20.8572
750 20.8855 20.842
755 20.7279 20.7372
760 20.4337 20.441
765 20.5114 20.4853
770 21.0877 21.0552
775 20.7465 20.7529
780 20.7342 20.7343
785 20.9816 20.9512
790 20.3104 20.324
795 21.0746 21.0583
800 20.5805 20.5812
805 20.6792 20.6768
810 21.1636 21.1516
815 20.6819 20.6481
820 21.2046 21.2065
825 20.4777 20.4883
830 21.2295 21.2334
835 20.9419 20.9428
840 20.7868 20.785
845 21.0192 21.0104
850 21.0681 21.0653
855 20.2934 20.2956
860 20.7579 20.7179
865 20.8714 20.8745
870 20.6417 20.6449
875 21.2609 21.2643
880 21.2075 21.1977
885 20.8099 20.8166
890 20.7756 20.7748
895 20.9795 20.968
900 20.8231 20.8208
