100 24.729 23.8456
200 24.336 24.503
300 24.3855 24.3133
400 24.0364 24.0309
500 23.9678 23.8937
600 24.2439 24.3171
700 24.2577 24.1862
800 23.9708 24.0336
900 24.3106 24.318
1000 24.0414 24.0341
1100 24.1019 24.0387
1200 23.9743 24.0465
1300 23.9848 23.9099
1400 24.1932 24.2004
1500 24.2646 24.3304
1600 24.1236 24.039
1700 23.9067 23.91
1800 23.9776 24.0468
1900 23.9851 23.9103
2000 24.2582 24.3306
2100 24.3972 24.4307
2200 24.0903 24.0724
2300 24.3472 24.3539
2400 24.2698 24.2697
2500 24.0794 24.0719
2600 24.414 24.3524
2700 24.2888 24.3511
2800 24.2948 24.2296
2900 24.3551 24.3497
3000 24.2862 24.351
3100 24.351 24.3626
3200 24.3626 24.3654
3300 24.034 23.9682
3400 24.2483 24.2409
3500 24.3016 24.3518
3600 24.3649 24.2568
3700 23.9778 24.0609
3800 24.2787 24.2477
3900 24.1571 24.253
4000 24.1566 23.9842
4100 24.2645 24.3436
4200 24.3436 24.361
4300 24.3056 24.2537
4400 24.3801 24.43
4500 24.3082 24.2543
4600 24.0443 23.9599
4700 23.8944 23.9374
4800 24.2192 24.2342
4900 24.3 24.2425
5000 23.8958 23.9378
5100 24.2821 24.3474
5200 24.2909 24.2505
5300 24.3104 24.3537
5400 24.0205 23.9652
5500 24.3059 24.3528
5600 24.0783 24.0826
5700 24.0962 23.9711
5800 24.1042 24.2418
5900 24.068 23.9758
6000 24.2555 24.2426
6100 24.093 24.082
6200 24.0152 24.0689
6300 24.0807 23.9678
6400 24.3804 24.5168
6500 24.1292 24.0936
6600 24.0359 23.9687
6700 24.0381 23.9586
6800 24.2434 24.339
6900 24.2816 24.2484
7000 23.9683 23.9538
7100 24.296 24.3505
7200 24.0887 23.9695
7300 24.2524 24.3409
7400 24.2837 24.2489
7500 24.0382 23.9587
7600 24.1774 24.2249
7700 23.9435 23.9484
7800 23.9484 23.9497
7900 24.0809 24.0799
8000 24.0799 24.0797
8100 23.9484 23.9497
8200 24.0142 24.0687
8300 24.3556 24.2548
8400 24.318 24.3527
8500 24.289 24.3489
8600 24.3489 24.3621
8700 24.0883 24.0847
8800 24.0847 24.0843
8900 24.0843 24.0843
9000 24.0843 24.0843
9100 24.0843 24.0843
9200 24.0843 24.0843
9300 24.3028 24.2531
9400 24.3128 24.3542
9500 24.2983 24.2521
9600 24.0418 23.9594
9700 24.1781 24.2251
9800 24.1369 24.2487
9900 24.3504 24.2639
10000 23.9847 23.9573
10100 24.0212 24.058
10200 24.3336 24.3537
10300 24.3537 24.3634
10400 24.3083 24.275
10500 23.9964 23.9752
10600 23.9752 23.9652
10700 24.4305 24.4995
10800 24.4995 24.5317
10900 24.4888 24.4246
11000 24.3567 24.3645
11100 24.4311 24.4414
11200 24.3207 24.281
11300 24.3494 24.2878
11400 24.285 24.331
11500 24.0552 24.0739
11600 24.0739 24.0822
11700 24.4901 24.4667
11800 24.2766 24.2601
11900 24.3273 24.2775
12000 24.2761 24.3268
12100 24.1195 24.1011
12200 24.3771 24.4158
12300 24.1972 24.2443
12400 24.3974 24.384
12500 24.1115 24.0999
12600 24.3731 24.373
12700 24.373 24.373
12800 24.0998 24.0948
12900 24.3136 24.2775
13000 24.2775 24.2605
13100 24.0431 24.068
13200 24.068 24.0794
13300 24.3538 24.3634
13400 24.4301 24.4408
13500 24.3742 24.3735
13600 24.1166 24.0241
13700 24.2974 24.3369
13800 24.0721 24.0034
13900 24.2803 24.3287
14000 24.0528 24.0728
14100 24.3476 24.3605
14200 24.4287 24.3967
14300 24.1204 24.1456
14400 24.3541 24.3635
14500 24.4829 24.524
14600 24.4085 24.3889
14700 24.3361 24.2883
14800 24.0702 24.0804
14900 24.1509 24.1157
15000 24.0471 24.0699
15100 24.3448 24.3592
15200 24.207 24.2489
15300 24.1309 24.1091
15400 24.3994 24.3113
15500 24.3113 24.2697
15600 23.9897 24.0433
15700 24.3854 24.3763
15800 24.3112 24.3433
15900 24.2863 24.2645
16000 24.2645 24.2545
16100 24.2545 24.2489
16200 24.309 24.3422
16300 24.1904 24.2411
16400 24.3419 24.2909
16500 24.3599 24.2928
16600 24.4154 24.4926
16700 24.1727 24.1259
16800 24.3988 24.3828
16900 24.3828 24.3748
17000 24.3098 24.3426
17100 24.2855 24.2641
17200 24.1801 24.1715
17300 24.1642 24.229
17400 24.3284 24.2847
17500 24.2847 24.2636
17600 24.0461 24.0694
17700 24.1393 24.1105
17800 24.2595 24.2518
17900 24.0415 23.9891
18000 23.9222 23.9402
18100 24.2842 24.3306
18200 24.0548 24.0737
18300 24.361 24.2933
18400 24.0114 24.0533
18500 24.3959 24.4245
18600 24.3023 24.2723
18700 24.4528 24.5099
18800 24.3407 24.2904
18900 24.0845 24.0092
19000 23.9413 23.9493
19100 24.292 24.3344
19200 24.0691 24.0021
19300 23.9345 23.9457
19400 24.0139 23.9763
19500 23.9776 24.0376
19600 24.2548 24.249
19700 24.1582 24.2263
19800 24.5639 24.5641
19900 24.1063 24.0978
20000 24.3166 24.2789
