5 9.79329 10.8161
10 10.8227 10.3557
15 10.3284 10.1103
20 10.136 9.99018
25 9.96361 9.75191
30 9.55367 9.54645
35 9.66698 9.6301
40 9.85321 9.8803
45 9.74617 9.77646
50 9.72225 9.75357
55 9.78974 9.79973
60 9.87077 9.87809
65 9.95106 9.97352
70 9.77544 9.78115
75 9.87875 9.89327
80 9.92637 9.92024
85 9.81057 9.81528
90 9.816 9.82997
95 9.82678 9.83543
100 9.76818 9.76656
105 9.85538 9.86797
110 9.92229 9.92786
115 9.89412 9.90296
120 9.98792 9.9886
125 9.82357 9.83676
130 9.87424 9.86338
135 9.83998 9.83484
140 9.77569 9.78884
145 9.86374 9.87251
150 9.91136 9.91239
155 9.93942 9.93046
160 9.90474 9.9144
165 9.95306 9.96239
170 10.0444 10.0527
175 9.95537 9.93336
180 10.0806 10.104
185 9.87023 9.86743
190 9.84548 9.8477
195 9.9758 9.97924
200 10.0665 10.068
205 10.0137 10.0234
210 10.0325 10.0397
215 10.2875 10.2802
220 9.98171 9.97429
225 10.0101 10.0174
230 9.80869 9.81378
235 9.86309 9.85802
240 10.0362 10.0353
245 10.1131 10.121
250 9.85988 9.85742
255 10.0129 10.0231
260 9.99684 9.99696
265 10.0056 10.0055
270 9.96385 9.96807
275 9.9623 9.95716
280 9.92181 9.91239
285 10.1363 10.1497
290 9.9383 9.92851
295 9.89417 9.89593
300 9.88598 9.88555
305 9.8793 9.8718
310 9.92916 9.92789
315 10.1362 10.1283
320 9.93498 9.92433
325 10.0291 10.0174
330 9.81253 9.79463
335 10.0109 9.995
340 9.90788 9.90064
345 9.86351 9.83014
350 9.96928 9.9407
355 9.95462 10.0255
360 9.88996 9.80312
365 9.86887 9.88157
370 10.108 10.0067
375 9.84653 14.0622
380 14.1172 9.97817
385 10.0702 14.5904
390 14.2025 9.95418
395 9.85827 9.76683
400 9.86402 9.79134
405 9.71345 9.71872
410 9.50924 9.54126
415 9.65145 9.60263
420 9.48496 9.52446
425 9.77521 9.6638
430 9.51494 9.66282
435 9.8061 9.64856
440 9.67874 9.74744
445 9.66165 14.6817
450 14.5405 9.70526
455 9.77632 9.76147
460 9.81738 9.60985
465 9.56424 9.84832
470 9.89097 9.74011
475 9.93296 9.96133
480 9.77238 9.84903
485 9.84457 9.89844
490 9.76564 9.77349
495 9.69313 9.63854
500 9.61232 9.61362
505 9.85198 9.88742
510 9.87401 9.82652
515 9.85109 9.8091
520 9.67149 9.77458
525 10.0159 9.91482
530 9.99039 10.1103
535 9.86907 9.88561
540 10.0744 10.3321
545 10.3656 10.4925
550 10.4408 10.4798
555 10.3665 10.2501
560 10.3822 10.9777
565 10.8162 12.4966
570 12.5819 12.1739
575 12.3639 11.9012
580 11.6457 12.3704
585 12.2716 13.2796
590 13.5259 14.4463
595 14.5774 10.3302
600 10.1765 10.1221
605 10.2168 10.2459
610 10.3101 10.4259
615 10.3948 10.3115
620 10.2016 10.0015
625 10.0926 16.1085
630 16.0935 10.2415
635 10.4034 10.4332
640 10.4379 10.4772
645 10.4041 10.4693
650 10.5049 10.5291
655 10.507 10.4936
660 10.5362 10.7417
665 10.7012 10.6928
670 10.7638 10.7771
675 10.7524 10.7079
680 10.8075 10.7037
685 10.5525 10.8021
690 10.7599 10.6141
695 10.6948 10.5839
700 10.6674 10.5257
705 10.5896 10.8563
710 10.7623 10.642
715 10.2678 10.3077
720 10.5673 10.3091
725 10.0578 16.43
730 16.4531 10.55
735 10.7534 10.6758
740 10.4289 10.5983
745 10.7963 10.7656
750 10.7451 10.6525
755 10.6657 10.6834
760 10.4828 10.4841
765 10.7105 10.7324
770 10.468 10.392
775 10.5413 10.7076
780 10.7354 10.6898
785 10.8458 10.721
790 10.6859 10.5506
795 10.5722 10.628
800 10.599 10.6075
805 10.4659 10.671
810 10.8721 10.7221
815 10.6795 10.6636
820 10.7108 10.6988
825 10.6368 10.6015
830 10.4525 10.4878
835 10.4321 10.4659
840 10.4625 10.4557
845 10.4046 10.483
850 10.5851 10.4256
855 10.6761 10.83
860 10.5096 10.2049
865 10.7695 10.885
870 10.5156 10.5448
875 10.4091 10.3978
880 10.6708 10.5295
885 10.2495 10.3774
890 10.5515 10.6057
895 10.4809 10.4877
900 10.6694 10.6019
905 10.5544 10.6711
910 10.8557 14.6461
915 14.6227 10.3535
920 10.2289 10.3614
925 10.5246 10.5742
930 10.3312 10.3113
935 10.4739 10.6139
940 10.1333 13.1999
945 13.5409 13.8277
950 14.1322 10.9836
955 10.649 10.3389
960 10.4264 13.363
965 13.4713 13.8948
970 13.9521 10.4196
975 10.4779 10.6004
980 10.5849 10.7235
985 10.3863 10.3831
990 10.5971 10.6105
995 10.669 10.6281
1000 10.8053 10.9247
1005 11.0159 12.3405
1010 12.0135 14.3814
1015 14.3117 16.6321
1020 17.2899 15.6154
1025 15.2837 10.7763
1030 10.6328 10.61
1035 10.8226 10.7794
1040 10.6438 10.6442
1045 10.8831 10.7356
1050 10.6379 10.382
1055 10.3781 10.7843
1060 10.8938 10.9428
1065 10.6636 10.6809
1070 10.7717 10.7942
1075 10.8634 10.7516
1080 10.6621 14.0042
1085 14.1937 13.0714
1090 12.9058 13.115
1095 13.3837 10.6024
1100 10.0572 10.3558
1105 10.6693 10.8139
1110 10.5715 10.4208
1115 10.3906 10.3144
1120 10.5954 10.5373
1125 10.6282 10.704
1130 10.4915 10.5977
1135 10.8075 10.6405
1140 10.5875 10.6004
1145 10.5915 10.5182
1150 10.6499 10.7408
1155 10.6956 10.1181
1160 10.2238 10.3647
1165 10.4435 10.1846
1170 10.138 10.6735
1175 10.7105 10.7328
1180 10.5612 10.0985
1185 10.1585 10.4752
1190 10.8039 10.4589
1195 10.3545 10.3447
1200 10.1724 10.0669
1205 10.2444 10.1777
1210 10.299 10.5028
1215 10.5021 10.9197
1220 10.642 10.4416
1225 10.5562 10.7453
1230 10.8625 10.8041
1235 10.7743 10.7156
1240 10.6406 10.6377
1245 10.923 13.2685
1250 12.9519 10.7086
1255 10.9506 12.9648
1260 12.759 12.1697
1265 12.394 10.7206
1270 10.523 10.9265
1275 11.0599 11.0382
1280 10.8693 10.6306
1285 10.7744 10.495
1290 10.3534 9.92869
1295 9.9279 10.4794
1300 10.6318 10.6793
1305 10.7686 10.4236
1310 10.5908 11.0201
1315 11.0211 10.3253
1320 10.2304 10.3699
1325 10.5779 10.7117
1330 10.7306 10.6696
1335 10.7307 11.0772
1340 11.2599 11.1639
1345 10.791 11.1437
1350 11.2211 10.8362
1355 11.1026 11.0592
1360 11.0869 11.094
1365 11.25 11.7954
1370 11.5145 10.8223
1375 11.1904 11.9697
1380 11.9108 12.5856
1385 12.797 12.9171
1390 13.0683 13.8928
1395 13.6603 13.279
1400 13.5001 12.545
1405 12.5733 12.1192
1410 12.1508 14.0893
1415 14.3709 12.2404
1420 12.0957 12.7183
1425 13.042 13.02
1430 13.0673 12.5565
1435 12.5727 12.0972
1440 12.4509 11.6617
1445 11.6976 12.9116
1450 12.8999 11.6996
1455 12.0704 12.4132
1460 11.9954 11.0037
1465 11.4169 11.5427
1470 11.3193 11.9035
1475 12.2794 11.7419
1480 12.1582 11.2926
1485 11.6358 11.6822
1490 11.363 11.6666
1495 12.0204 12.058
1500 12.1983 11.1833
1505 11.1696 12.3098
1510 12.8914 12.4175
1515 12.4026 12.9363
1520 12.6902 11.622
1525 12.1025 12.1141
1530 12.5613 11.9232
1535 12.0077 12.3981
1540 12.509 12.4206
1545 12.5292 12.5784
1550 13.1977 12.4443
1555 12.2985 12.2702
1560 12.7361 11.0401
1565 10.9126 11.6441
1570 12.2307 11.8719
1575 11.6781 11.6742
1580 11.7207 11.9058
1585 12.251 11.5513
1590 11.5714 11.8536
1595 11.9637 11.5954
1600 11.6681 11.7403
1605 11.9096 11.1765
1610 11.6023 12.7369
1615 12.9186 11.2416
1620 11.1909 11.6009
1625 12.0491 10.2437
1630 10.672 11.3981
1635 11.4954 11.5989
1640 12.0081 11.0878
1645 11.1215 11.2459
1650 12.0259 11.6089
1655 11.4226 12.2725
1660 12.6776 11.3191
1665 11.2187 11.0925
1670 11.5744 10.8219
1675 10.9171 11
1680 11.0942 11.4228
1685 11.3794 10.7296
1690 11.2934 11.4071
1695 11.4699 10.772
1700 10.9343 11.4756
1705 11.6532 9.85857
1710 10.7353 11.7177
1715 11.763 11.3669
1720 11.4746 10.8955
1725 11.2818 13.1747
1730 13.158 10.1986
1735 10.7075 10.2987
1740 10.6693 11.945
1745 12.0623 10.1042
1750 10.7594 11.5363
1755 11.8855 11.9869
1760 12.1321 9.49257
1765 9.98819 10.1847
1770 10.789 10.5271
1775 10.9415 11.1024
1780 11.0837 10.1666
1785 11.0532 9.72892
1790 10.0583 9.50415
1795 9.77778 10.5641
1800 10.8759 10.7148
1805 11.0945 10.4115
1810 10.8301 11.3172
1815 11.4112 11.2499
1820 11.0766 11.4613
1825 11.8661 9.98329
1830 10.3765 10.6111
1835 11.0662 11.9803
1840 12.16 10.8473
1845 11.1156 12.8771
1850 13.2131 10.6568
1855 10.8793 10.9578
1860 11.407 10.4746
1865 11.1299 10.4753
1870 10.9212 11.2954
1875 11.945 11.6468
1880 11.6614 10.7112
1885 11.3687 11.9081
1890 12.2088 9.46689
1895 9.6526 9.53474
1900 10.2846 10.0869
1905 10.3894 10.5178
1910 10.9028 9.80957
1915 10.5342 9.59615
1920 10.0952 10.2252
1925 10.5275 10.5813
1930 10.9739 9.69758
1935 10.179 9.80844
1940 10.5791 9.77472
1945 10.3134 10.8262
1950 10.8874 8.87094
1955 9.61946 8.5483
1960 9.209 9.11421
1965 9.5853 9.66083
1970 10.1841 10.0653
1975 10.7752 9.75607
1980 9.7332 9.3694
1985 10.5975 10.6844
1990 10.6689 11.9168
1995 12.6227 10.9716
2000 10.9928 11.9534
2005 12.5143 11.5908
2010 12.4751 13.0451
2015 13.4875 12.1019
2020 11.9515 10.6924
2025 11.5237 11.7016
2030 12.3235 9.33848
2035 9.93198 11.1951
2040 11.5066 9.30904
2045 10.1243 10.5217
2050 11.0443 9.23201
2055 10.184 10.5111
2060 10.7911 9.44152
2065 10.2769 12.5663
2070 13.1644 10.4045
2075 10.9884 9.91456
2080 10.6167 11.3956
2085 12.0841 11.2278
2090 12.1088 9.94005
2095 10.1908 10.2046
2100 10.5093 10.0416
2105 10.6893 10.7346
2110 11.3719 8.25101
2115 8.97079 9.55007
2120 10.3241 11.0512
2125 12.0252 11.6943
2130 12.1209 11.8474
2135 12.2755 10.5003
2140 10.7765 11.3215
2145 12.0422 12.4663
2150 13.2683 10.1212
2155 10.7952 12.6617
2160 12.6553 12.9983
2165 13.5911 13.5256
2170 14.0998 10.2776
2175 10.376 10.4741
2180 10.8093 10.1965
2185 10.3231 10.2939
2190 11.0456 11.3875
2195 11.9828 10.5372
2200 11.449 10.8087
2205 10.9951 11.3342
2210 11.6527 9.96203
2215 10.8281 10.1138
2220 10.6244 10.6781
2225 11.1134 10.7117
2230 11.4314 9.30096
2235 10.469 11.4778
2240 11.7809 11.2465
2245 11.6763 11.557
2250 12.1759 9.43042
2255 10.1471 8.65934
2260 9.33576 10.8236
2265 11.243 11.4841
2270 12.1295 9.68469
2275 10.4282 11.2463
2280 11.8944 9.36992
2285 10.4284 9.76848
2290 10.5518 9.97409
2295 10.6984 10.535
2300 11.0244 9.33995
2305 10.3886 9.15594
2310 10.0015 10.4362
2315 11.2137 10.2088
2320 10.906 12.0343
2325 12.6191 9.79741
2330 10.515 13.0077
2335 13.4943 9.60356
2340 10.6948 9.58197
2345 10.2114 9.77448
2350 10.0326 8.19768
2355 9.24443 8.72481
2360 9.43238 9.48299
2365 10.6506 10.6079
2370 10.9521 8.61921
2375 9.3068 9.45412
2380 10.4834 8.69232
2385 9.62562 11.9897
2390 12.8054 8.34252
2395 8.93047 9.10322
2400 10.2534 9.60352
2405 10.3678 9.47477
2410 10.5207 8.64317
2415 9.64587 8.79768
2420 9.85094 9.36391
2425 9.91842 8.25815
2430 9.03157 9.55508
2435 10.4572 8.64715
2440 9.19411 8.99151
2445 9.53602 9.1383
2450 10.006 8.44429
2455 9.42449 8.56944
2460 9.31043 8.60883
2465 9.66729 9.2444
2470 10.3655 10.3364
2475 10.88 8.71141
2480 9.40659 10.114
2485 11.0116 9.47705
2490 10.3047 9.60822
2495 10.6366 10.9032
2500 11.7863 8.49588
2505 9.24728 10.4269
2510 11.1262 9.14522
2515 10.2124 9.42846
2520 10.1123 10.7325
2525 11.6822 9.52407
2530 10.6236 9.20338
2535 9.91754 10.2018
2540 10.9152 10.7302
2545 11.8825 10.113
2550 10.7592 11.6969
2555 12.2559 9.80004
2560 10.7733 8.67299
2565 9.67885 8.03311
2570 8.85114 9.48122
2575 10.204 7.7087
2580 8.69273 10.8647
2585 11.6846 9.2336
2590 9.80348 8.88237
2595 10.1856 10.5056
2600 11.2457 9.12898
2605 9.94048 7.92827
2610 9.03584 8.82405
2615 9.84093 9.74658
2620 10.5418 7.27784
2625 8.83033 7.62072
2630 8.96318 7.751
2635 8.36615 7.77415
2640 9.06519 8.49056
2645 9.37001 8.90659
2650 9.7662 11.8096
2655 12.8929 9.94179
2660 10.6698 8.17174
2665 9.08674 7.09522
2670 8.10273 9.11674
2675 10.5137 9.00663
2680 9.67596 9.22345
2685 10.5989 9.22451
2690 10.3424 8.29042
2695 9.5735 9.08871
2700 9.75472 8.82937
2705 9.75284 7.57593
2710 8.43358 9.92469
2715 10.7979 9.46681
2720 10.5592 9.64793
2725 10.2165 9.24209
2730 9.98138 9.01015
2735 9.9657 7.59013
2740 8.5584 8.81397
2745 9.60278 7.26772
2750 8.23927 8.27397
2755 9.47172 7.41686
2760 8.80668 8.95279
2765 9.81748 9.08147
2770 9.8589 7.08635
2775 8.15117 8.47692
2780 9.89623 7.78899
2785 8.77725 8.89975
2790 9.78125 11.0543
2795 12.0998 9.70735
2800 10.205 8.169
2805 9.29388 8.67232
2810 9.86318 10.5853
2815 11.3925 9.30184
2820 10.1343 9.25198
2825 10.2052 8.51078
2830 9.53792 8.38814
2835 9.49121 8.43781
2840 9.36079 8.93572
2845 9.90821 8.07819
2850 8.89818 8.62747
2855 9.60775 7.17711
2860 8.18288 8.50813
2865 9.10135 7.34719
2870 8.82937 7.86639
2875 9.14342 9.61512
2880 10.4163 7.22031
2885 8.61712 6.55514
2890 7.92807 8.62492
2895 10.1351 8.21585
2900 9.09788 8.12907
2905 9.25688 9.0583
2910 9.84791 8.12299
2915 9.32955 8.05373
2920 9.42791 7.61286
2925 8.74262 9.94682
2930 10.8698 8.75346
2935 9.77789 8.12115
2940 8.88788 8.64242
2945 9.89985 9.52837
2950 10.4272 9.37773
2955 10.1706 8.98858
2960 9.8993 8.55836
2965 9.53287 8.97265
2970 9.83743 7.64714
2975 9.1111 8.83116
2980 9.47273 7.68319
2985 8.59945 7.05673
2990 8.55587 7.19166
2995 8.1065 7.76122
3000 9.47617 8.57027
3005 9.43757 7.08596
3010 8.27081 8.04539
3015 8.97253 6.89265
3020 8.4272 8.84582
3025 9.81414 8.15932
3030 9.25866 7.76262
3035 9.35255 9.02788
3040 9.69612 8.47548
3045 9.34424 8.60327
3050 10.0227 7.42705
3055 8.76091 8.00885
3060 9.07737 9.53003
3065 10.5339 8.96121
3070 9.88806 8.51827
3075 9.50387 9.02667
3080 10.073 7.48639
3085 8.73341 10.1122
3090 10.6172 8.18842
3095 9.3278 8.11443
3100 9.1515 8.56148
3105 9.81913 8.86517
3110 9.81171 8.32947
3115 9.17533 7.17172
3120 8.39191 8.68241
3125 9.84396 7.03295
3130 8.08782 7.57019
3135 8.78183 8.8095
3140 9.75222 8.67615
3145 9.7626 8.83387
3150 9.54126 8.56801
3155 9.80019 6.73369
3160 7.69573 7.1247
3165 8.34188 7.67845
3170 8.67238 6.48256
3175 7.80023 7.28302
3180 8.20292 7.5087
3185 8.87182 8.66104
3190 9.53587 7.53551
3195 8.6772 7.49644
3200 8.10039 7.60786
3205 8.87736 8.43281
3210 9.26972 7.78475
3215 8.6833 7.805
3220 9.10227 6.80545
3225 7.85275 7.603
3230 8.47211 7.63397
3235 8.43995 6.13294
3240 7.74941 7.79995
3245 8.92934 7.31809
3250 8.50391 6.16195
3255 7.73457 7.18449
3260 8.03741 6.3807
3265 8.39943 7.89521
3270 8.93382 6.61308
3275 7.95154 7.17169
3280 8.46247 7.12461
3285 7.98552 6.73631
3290 8.70439 7.29883
3295 8.60148 7.10091
3300 7.834 7.77617
3305 8.93483 9.05723
3310 9.96773 7.63028
3315 9.0191 7.30471
3320 8.24613 6.81814
3325 8.29022 7.16957
3330 8.27045 7.40538
3335 8.40928 8.12581
3340 9.14808 8.22275
3345 9.36425 8.10651
3350 9.36654 8.1493
3355 9.09393 7.17213
3360 8.10979 7.57611
3365 8.22326 6.95425
3370 8.05248 6.35161
3375 7.70695 7.74611
3380 8.66188 8.26093
3385 9.42517 7.84279
3390 9.05758 6.66376
3395 7.88091 7.38491
3400 8.3335 8.0597
3405 9.12042 8.15366
3410 9.3924 6.92853
3415 8.0954 6.55563
3420 7.51524 6.31079
3425 7.64865 7.72515
3430 8.84184 6.88531
3435 7.75137 6.01801
3440 7.13064 6.42115
3445 7.70678 7.63007
3450 9.16611 8.08992
3455 8.82579 6.76039
3460 7.78984 7.47113
3465 8.38078 6.28542
3470 7.45815 7.29287
3475 8.45902 7.99744
3480 8.79034 5.79411
3485 7.34254 7.30032
3490 8.41093 5.95438
3495 7.04339 6.44501
3500 8.02389 7.49186
3505 8.58669 6.52791
3510 7.52378 7.23066
3515 8.2514 7.61046
3520 8.75712 7.96633
3525 8.89047 6.49777
3530 7.31467 6.87661
3535 8.01122 6.4496
3540 8.12227 6.18631
3545 7.39294 6.55223
3550 7.73608 7.40053
3555 8.674 6.27192
3560 7.65172 7.03306
3565 7.80475 6.72265
3570 7.8847 6.90448
3575 7.70286 7.48174
3580 8.5728 6.83983
3585 7.96136 7.21121
3590 8.4848 6.47517
3595 7.71862 7.15878
3600 8.39869 7.30397
3605 8.33673 8.97994
3610 9.5776 6.74285
3615 8.00666 8.45216
3620 9.63453 8.97401
3625 9.83199 6.98924
3630 7.95932 8.7264
3635 9.74171 7.67738
3640 8.6794 8.2905
3645 9.74611 8.77865
3650 9.53156 6.23182
3655 7.88523 6.45099
3660 7.70183 8.13674
3665 8.7218 6.7143
3670 7.76917 7.73125
3675 8.82382 6.99931
3680 8.15974 6.61248
3685 7.87728 7.05271
3690 8.29058 7.25493
3695 8.09841 6.26437
3700 7.25732 7.01748
3705 8.52181 6.18384
3710 7.40543 6.17424
3715 7.55461 6.45556
3720 7.60134 6.94675
3725 8.1663 6.0337
3730 7.18397 5.67878
3735 6.92207 7.52095
3740 8.97496 6.60322
3745 7.32966 6.11636
3750 7.34436 6.8697
3755 7.80045 7.14546
3760 8.10292 5.95916
3765 7.39797 5.85875
3770 7.21649 7.32357
3775 8.33021 6.19584
3780 7.15066 5.69098
3785 7.22774 7.31659
3790 8.22674 6.49098
3795 7.47396 6.09749
3800 6.91844 7.30709
3805 8.19035 6.07406
3810 7.47579 5.47184
3815 7.05153 5.5267
3820 6.35138 6.17661
3825 7.79315 6.63084
3830 7.47909 6.28807
3835 7.48318 6.28754
3840 7.38694 5.61695
3845 7.00263 6.60181
3850 7.4302 7.68435
3855 8.4642 6.38643
3860 7.74082 7.12675
3865 8.04242 6.67987
3870 7.95035 6.90715
3875 7.59985 6.92647
3880 8.00029 6.85192
3885 7.51405 6.06987
3890 7.43872 6.61629
3895 7.58183 6.52178
3900 7.70798 6.89509
3905 7.93392 6.66506
3910 7.69471 7.35539
3915 8.40692 6.31896
3920 7.64805 6.56397
3925 7.69065 7.45406
3930 8.40215 6.39052
3935 7.60916 7.42271
3940 8.52832 6.32804
3945 7.39873 5.40238
3950 6.89915 6.2494
3955 7.59529 7.23621
3960 7.92972 6.53492
3965 7.93205 6.47688
3970 7.28368 5.16136
3975 6.66888 5.88634
3980 7.48961 6.59282
3985 7.40107 6.18283
3990 7.51217 5.39039
3995 6.60501 6.5582
4000 7.38391 5.77158
4005 7.17481 6.68352
4010 7.78582 6.27901
4015 7.08818 5.87856
4020 7.53785 6.63216
4025 7.62867 5.6426
4030 6.95599 5.9541
4035 7.09258 7.02127
4040 8.11917 7.6832
4045 8.96823 7.39621
4050 8.2201 7.3412
4055 8.24645 5.05257
4060 6.66147 6.67444
4065 7.43032 7.43136
4070 8.53576 7.32142
4075 8.37438 7.66565
4080 8.30059 6.16055
4085 7.44653 7.54372
4090 8.62068 7.9824
4095 8.54572 6.40996
4100 7.82757 5.26897
4105 6.72984 6.43134
4110 7.54413 6.55262
4115 7.52055 7.29879
4120 8.59452 6.17972
4125 7.61331 6.3925
4130 7.50287 6.02588
4135 7.4427 6.2115
4140 7.20037 6.51515
4145 7.63963 6.38898
4150 7.50217 8.3105
4155 9.29605 6.72214
4160 8.07016 5.99773
4165 7.0111 6.24228
4170 7.37482 6.98061
4175 7.88272 6.84643
4180 7.76559 5.23133
4185 6.53735 5.74088
4190 6.426 6.42328
4195 7.63195 6.16741
4200 6.88457 6.38962
4205 7.57153 6.42906
4210 7.87731 6.84313
4215 7.68645 6.62409
4220 7.53005 5.79066
4225 6.63569 6.04194
4230 7.11983 5.36189
4235 6.79361 5.39742
4240 6.70912 5.57518
4245 6.72379 6.34283
4250 7.65874 7.52912
4255 8.55238 9.20027
4260 9.9267 5.36499
4265 6.75001 5.65081
4270 7.06208 6.10527
4275 7.42605 6.88454
4280 7.94073 5.49372
4285 6.91441 7.02857
4290 7.92108 5.91626
4295 7.44135 6.33899
4300 7.01017 5.44574
4305 6.49434 5.26212
4310 6.57203 5.49023
4315 6.76841 6.33696
4320 7.31198 5.72848
4325 6.94174 5.87373
4330 7.0157 6.89907
4335 8.22985 8.33612
4340 9.13602 6.38866
4345 7.52713 6.78908
4350 7.89806 6.99231
4355 8.12627 6.52616
4360 7.75348 5.86791
4365 6.9337 6.01384
4370 7.49079 7.4126
4375 8.1606 7.58888
4380 8.80639 6.04468
4385 7.11363 8.13219
4390 8.8819 6.03395
4395 7.47554 7.28582
4400 7.96083 5.90093
4405 7.61739 6.64368
4410 7.55169 5.90504
4415 6.87376 6.17772
4420 7.40058 6.20803
4425 6.9728 5.72625
4430 7.15182 6.84888
4435 7.71725 7.26051
4440 8.31106 6.35096
4445 7.14661 6.04041
4450 7.27637 5.95539
4455 7.23407 5.62277
4460 7.02741 5.31424
4465 6.63277 5.8304
4470 6.69777 5.40527
4475 6.7239 6.36711
4480 7.27013 6.07485
4485 7.263 5.47913
4490 6.49406 5.40308
4495 6.56528 6.94057
4500 8.10623 5.33825
4505 6.56474 5.23972
4510 6.40648 5.90589
4515 7.30323 6.32093
4520 7.24333 5.55197
4525 6.84198 6.02042
4530 7.0264 5.52415
4535 6.94647 5.6193
4540 7.05195 5.07416
4545 6.36623 5.35091
4550 6.86296 4.99535
4555 6.28145 6.85436
4560 7.74761 6.59458
4565 7.28051 6.85088
4570 8.12739 6.32668
4575 7.39157 6.67269
4580 7.4427 5.95033
4585 7.30497 5.47505
4590 6.57866 5.70533
4595 6.99417 6.91033
4600 7.68488 5.95749
4605 6.78692 4.92155
4610 6.24428 6.16324
4615 7.35093 6.15069
4620 7.11386 5.77826
4625 7.06321 6.84199
4630 7.87953 6.27415
4635 7.25871 6.38327
4640 7.30418 7.20968
4645 8.23743 6.14972
4650 7.56095 6.14246
4655 7.18551 5.93117
4660 6.8087 5.77537
4665 6.93162 5.93431
4670 7.42164 7.28659
4675 8.01323 5.71333
4680 6.52719 6.49539
4685 7.52714 6.61425
4690 7.55331 5.77062
4695 6.53185 5.90278
4700 7.11314 5.92664
4705 7.13194 7.05489
4710 7.77629 5.06175
4715 6.73249 6.98458
4720 7.51759 5.86427
4725 7.21385 6.96445
4730 7.76974 5.46443
4735 6.37709 6.81657
4740 8.0962 5.98263
4745 6.85194 5.16726
4750 6.499 6.56242
4755 7.45664 7.40297
4760 8.25702 6.33551
4765 7.2793 6.14144
4770 7.25099 5.3962
4775 6.90038 5.69885
4780 6.90847 6.34094
4785 7.26308 7.37468
4790 7.85186 6.33899
4795 7.2554 5.93855
4800 7.08743 6.50814
4805 7.32151 6.04198
4810 7.37394 6.45505
4815 7.28015 5.63418
4820 6.65527 5.75813
4825 6.55359 5.49337
4830 6.53562 6.70684
4835 7.95909 7.20579
4840 8.01484 5.73921
4845 6.78459 6.51112
4850 7.26252 6.48145
4855 7.65558 5.63138
4860 6.57343 7.5085
4865 8.34264 4.89444
4870 6.10267 6.36078
4875 7.34845 5.34038
4880 6.22948 5.568
4885 6.491 5.61567
4890 6.87133 6.22419
4895 7.30173 5.35791
4900 6.26074 5.85174
4905 6.73569 6.51832
4910 7.44304 5.76747
4915 7.11049 5.89838
4920 6.81165 6.34893
4925 7.37873 5.97412
4930 6.67289 5.75817
4935 7.04056 5.98964
4940 7.04232 4.87127
4945 5.77712 6.53376
4950 7.13604 5.92266
4955 7.25106 6.01519
4960 6.91865 5.45375
4965 6.69848 5.32849
4970 6.56114 5.74828
4975 6.69556 4.74012
4980 5.84314 5.90834
4985 6.69144 5.92067
4990 6.75221 5.0444
4995 5.99859 5.56402
5000 6.55612 5.55532
5005 6.35227 5.57015
5010 6.53524 5.17769
5015 6.28839 5.90997
5020 6.95847 5.21646
5025 6.34462 4.99791
5030 6.26449 5.64683
5035 6.89344 5.55883
5040 6.44873 4.93196
5045 6.00837 5.08267
5050 6.18548 5.69847
5055 6.69881 6.17654
5060 6.89722 5.72237
5065 6.84411 5.8836
5070 7.0561 5.9693
5075 6.78577 5.4311
5080 6.79284 5.83737
5085 6.84183 5.72695
5090 6.66974 4.70569
5095 5.81898 5.29487
5100 6.48296 5.72965
5105 6.9125 5.60451
5110 6.47536 5.02139
5115 6.31791 5.69876
5120 6.86565 5.54538
5125 6.52513 6.88902
5130 7.35505 5.60714
5135 6.76731 5.60172
5140 6.35281 5.72017
5145 6.97782 5.42572
5150 6.32805 5.43357
5155 6.84452 5.70304
5160 6.59401 6.54437
5165 7.41067 5.94642
5170 7.15524 5.32144
5175 6.33208 6.21979
5180 7.23175 5.62371
5185 6.47949 5.98487
5190 6.49597 5.7134
5195 6.93214 5.91919
5200 6.95514 6.31931
5205 7.36827 6.41886
5210 7.43717 6.30986
5215 7.29367 6.21727
5220 7.20309 5.54444
5225 6.55258 6.08351
5230 7.56898 5.4928
5235 6.53301 6.45426
5240 7.38417 6.00566
5245 6.72725 5.78416
5250 6.9622 5.50477
5255 6.68542 5.01517
5260 5.97126 5.39817
5265 6.03725 6.09461
5270 7.19985 5.20158
5275 6.34298 6.18959
5280 7.32165 5.95252
5285 6.74258 6.4552
5290 7.27079 5.78324
5295 6.45306 5.42794
5300 6.53538 4.14281
5305 5.14266 5.8697
5310 6.83189 5.1527
5315 6.39402 5.76752
5320 6.53106 5.95045
5325 7.02769 6.43968
5330 7.32641 5.58268
5335 6.53928 5.17983
5340 6.26367 5.53534
5345 6.82111 5.59704
5350 6.27298 4.99938
5355 6.0884 5.02031
5360 5.9006 5.04388
5365 6.09168 4.98467
5370 6.18115 5.19286
5375 6.25197 5.81476
5380 6.77073 5.72938
5385 6.79559 4.78149
5390 5.74494 5.36788
5395 6.59826 6.14678
5400 7.03995 5.36716
5405 6.23868 6.31165
5410 7.22021 5.90351
5415 6.50206 6.39405
5420 7.37961 5.53783
5425 6.59474 5.06866
5430 6.41366 5.63587
5435 6.40753 5.71527
5440 6.52854 5.8757
5445 6.83526 5.72781
5450 6.8383 6.79677
5455 7.36842 4.7753
5460 5.83009 5.50183
5465 6.82894 5.33721
5470 6.24561 6.13441
5475 6.97839 5.63351
5480 6.73832 5.71977
5485 6.77615 6.04702
5490 6.89635 5.48627
5495 6.62791 5.61876
5500 6.71931 7.47922
5505 8.25252 6.62779
5510 7.41765 5.35569
5515 6.37055 6.07985
5520 6.94162 5.4949
5525 6.36902 6.54738
5530 7.76289 5.45221
5535 6.54571 5.1582
5540 6.18056 5.28638
5545 6.52794 5.32566
5550 6.48533 5.63128
5555 6.9041 6.08974
5560 6.76037 5.83367
5565 6.54167 6.1853
5570 6.94014 5.1913
5575 6.17198 5.71352
5580 6.85031 6.12025
5585 7.11919 5.48008
5590 6.18015 5.25269
5595 6.09139 4.74286
5600 6.10606 6.46748
5605 6.90857 5.53772
5610 6.4621 6.54544
5615 7.31151 5.61711
5620 6.77963 6.29269
5625 7.49107 5.04107
5630 5.78431 5.19359
5635 6.04816 5.28544
5640 6.25347 7.21755
5645 7.95755 6.13465
5650 7.36878 5.21584
5655 6.3418 5.30828
5660 6.4137 6.21255
5665 6.80219 5.96774
5670 7.1983 5.5444
5675 6.43958 5.1908
5680 5.95922 5.00086
5685 5.96077 5.13476
5690 6.21573 5.41424
5695 6.52908 5.53757
5700 6.55069 4.56345
5705 5.59895 4.95746
5710 5.96066 4.86056
5715 6.01263 5.51128
5720 6.3815 5.32795
5725 6.28912 6.40152
5730 7.09781 5.18345
5735 6.23951 5.54824
5740 6.52043 5.9676
5745 6.7521 5.37224
5750 6.21352 5.29307
5755 6.50749 5.72311
5760 6.63645 5.56207
5765 6.72494 5.35784
5770 6.26756 4.55351
5775 5.73456 5.41059
5780 6.28515 6.09616
5785 7.08277 5.51106
5790 6.6958 5.07179
5795 5.97725 4.93083
5800 5.71211 5.12438
5805 6.33404 6.28139
5810 7.15058 5.29818
5815 6.31997 4.65456
5820 5.73986 5.56475
5825 6.38917 5.66975
5830 6.54886 7.01485
5835 8.31347 7.28487
5840 8.2653 5.3738
5845 6.25134 5.15499
5850 6.34461 6.154
5855 7.25948 5.59628
5860 6.5081 5.63559
5865 6.41066 5.74073
5870 6.49979 5.71177
5875 6.87008 5.44992
5880 6.26207 5.06552
5885 5.89729 5.2419
5890 6.24853 5.03725
5895 5.79386 5.64414
5900 6.69482 5.40562
5905 6.35235 4.97801
5910 5.74261 5.12602
5915 6.42475 5.67977
5920 6.36129 5.25172
5925 6.52508 5.23599
5930 6.05724 5.25188
5935 6.15584 5.22207
5940 6.07818 5.00436
5945 5.81129 5.1341
5950 6.2435 4.54736
5955 5.62844 4.56404
5960 5.6305 4.24745
5965 5.22345 5.31363
5970 6.49994 5.32657
5975 6.31153 5.95068
5980 6.47761 5.04074
5985 6.16726 5.72745
5990 6.60677 4.80186
5995 5.58645 5.12558
6000 6.33451 5.59949
6005 6.06687 4.638
6010 5.60558 3.71621
6015 5.05257 5.5396
6020 6.36811 5.09463
6025 5.88236 4.5892
6030 5.67959 4.81172
6035 5.63649 5.46038
6040 6.22867 4.95542
6045 5.88943 4.47685
6050 5.37175 4.23035
6055 5.55992 4.24065
6060 5.44735 4.05861
6065 5.11082 4.60943
6070 5.98266 5.28005
6075 6.25162 4.41258
6080 5.60744 4.93835
6085 5.60851 4.99311
6090 6.13244 4.75853
6095 5.74704 4.02792
6100 5.23889 5.59051
6105 6.3842 5.04136
6110 5.78034 6.09439
6115 7.0683 5.02003
6120 5.95413 4.60879
6125 5.7466 5.21234
6130 6.19735 5.38727
6135 5.98404 5.82969
6140 6.86257 5.09094
6145 6.09729 5.49048
6150 6.42613 6.54828
6155 7.13434 3.97454
6160 5.35843 4.68388
6165 5.91047 5.26647
6170 6.03353 4.5944
6175 5.79443 6.16652
6180 6.89785 4.68961
6185 5.80405 5.16673
6190 6.04646 4.92939
6195 5.97458 4.51175
6200 5.61877 4.30405
6205 5.45036 5.10596
6210 5.99838 4.78941
6215 5.5187 4.11076
6220 5.13533 5.16087
6225 6.2345 5.324
6230 6.27295 4.65526
6235 5.49933 5.28915
6240 6.09255 4.45808
6245 5.8217 5.68565
6250 6.59758 4.87465
6255 5.7801 4.47053
6260 5.47667 4.62849
6265 5.73977 5.31432
6270 6.57167 5.41479
6275 6.1721 5.04556
6280 6.1797 5.98682
6285 6.85126 4.33397
6290 5.25884 4.24721
6295 5.42062 4.72269
6300 5.61888 4.75441
6305 5.86277 4.50682
6310 5.59025 5.88147
6315 6.54441 4.38132
6320 5.42601 4.81968
6325 5.59221 4.15249
6330 5.47195 4.96034
6335 5.77355 5.00476
6340 5.84647 5.30486
6345 6.25699 4.95577
6350 5.99159 4.65036
6355 5.84657 4.82741
6360 5.8529 6.47007
6365 7.22831 4.34357
6370 5.39669 4.96615
6375 5.72214 4.65076
6380 5.67306 5.14003
6385 5.97903 4.87108
6390 5.72998 4.08578
6395 5.07225 4.79976
6400 6.03509 4.46458
6405 5.43592 4.31741
6410 5.07961 3.96394
6415 4.92668 4.52024
6420 5.83689 4.33522
6425 5.09216 5.32859
6430 6.14165 5.02689
6435 6.12002 4.60731
6440 5.41168 4.63472
6445 5.54609 4.52347
6450 5.56843 3.98956
6455 5.04815 4.80727
6460 5.68192 4.14225
6465 5.24722 4.1097
6470 4.7838 4.76607
6475 5.77767 5.08269
6480 6.11009 5.29711
6485 6.18718 4.73343
6490 5.76187 4.18522
6495 5.08654 4.41957
6500 5.24137 4.55991
6505 5.67726 4.27127
6510 5.12166 4.02909
6515 5.18447 4.62479
6520 5.536 3.97216
6525 5.01803 3.52314
6530 4.96554 4.25305
6535 5.22921 4.07913
6540 5.25638 4.39294
6545 5.43413 4.08339
6550 5.07925 4.56849
6555 5.78338 4.89246
6560 5.79337 5.81481
6565 6.72836 5.0856
6570 6.17843 5.40546
6575 6.21594 4.41786
6580 5.23799 4.03627
6585 5.05034 4.41168
6590 5.38911 4.01587
6595 5.12876 3.78246
6600 5.18581 4.51943
6605 5.58707 4.77682
6610 5.64981 4.77338
6615 5.56909 4.03767
6620 5.0782 4.60336
6625 5.58027 3.20741
6630 4.30483 4.14508
6635 5.1081 3.66408
6640 5.27378 3.96613
6645 5.06805 4.39747
6650 5.67119 4.3442
6655 5.14274 3.94063
6660 5.02159 4.44258
6665 5.45288 4.80716
6670 5.60417 4.48812
6675 5.2003 3.72853
6680 4.89582 4.89103
6685 5.65494 4.30764
6690 5.66728 3.93474
6695 5.02286 4.14221
6700 4.87309 4.27319
6705 5.35328 4.64748
6710 5.71812 4.75922
6715 5.49026 3.94106
6720 4.96181 3.91876
6725 4.92747 3.90743
6730 4.96545 3.83798
6735 5.08521 5.09124
6740 5.95189 4.67044
6745 5.41385 3.64099
6750 4.86548 4.40056
6755 5.31875 4.22261
6760 5.18962 4.10846
6765 5.06255 3.58018
6770 4.74857 4.23444
6775 5.1959 3.86152
6780 4.81474 4.29973
6785 5.33402 5.23615
6790 6.06631 4.22608
6795 5.42003 4.353
6800 5.14389 4.44809
6805 5.49996 4.27013
6810 5.34256 3.86833
6815 4.98129 4.14749
6820 5.2068 4.17812
6825 5.19457 4.74104
6830 5.71369 4.28711
6835 5.39803 4.43507
6840 5.71519 3.99059
6845 4.86977 3.64547
6850 4.77443 4.19366
6855 4.92559 3.56029
6860 4.90879 3.93416
6865 5.01709 3.88188
6870 5.0406 4.28861
6875 5.18863 3.87121
6880 5.08847 4.39647
6885 5.50943 4.15511
6890 5.29772 4.32873
6895 5.34588 4.21772
6900 5.20348 3.93929
6905 5.06211 3.86056
6910 4.84045 4.64282
6915 5.09874 3.36098
6920 4.78658 4.43074
6925 5.30699 3.94012
6930 4.82098 3.73433
6935 4.87784 3.88286
6940 4.98416 4.25377
6945 5.13989 4.81578
6950 5.73348 4.77817
6955 5.53287 5.29011
6960 6.08149 4.01867
6965 5.0636 4.03007
6970 5.11239 4.40112
6975 5.35645 4.22849
6980 4.94755 3.68846
6985 4.53141 3.41799
6990 4.44538 3.41322
6995 4.79457 4.40656
7000 5.09352 4.41347
7005 5.48386 4.98064
7010 5.90992 4.38026
7015 5.11562 3.90709
7020 5.02881 3.78082
7025 4.73602 3.64492
7030 4.8106 3.27357
7035 4.89038 4.6576
7040 5.5524 4.36362
7045 5.17668 4.01165
7050 5.01815 3.88987
7055 4.97828 4.08522
7060 4.98872 3.78451
7065 4.94216 4.19986
7070 5.12333 4.21012
7075 4.98683 3.72305
7080 4.85612 4.20822
7085 5.24529 4.02019
7090 4.98089 3.62921
7095 4.86292 3.87355
7100 4.75313 3.41212
7105 4.6593 3.94281
7110 5.0492 4.51683
7115 5.37829 3.74337
7120 4.88884 3.73802
7125 4.89016 3.91336
7130 5.21458 3.59224
7135 4.94177 4.34484
7140 5.24344 4.13104
7145 5.27171 4.56467
7150 5.29164 4.05937
7155 5.06545 3.33764
7160 4.47652 4.73917
7165 5.59613 3.8527
7170 4.90333 3.36222
7175 4.45174 3.57349
7180 4.43621 3.68395
7185 4.87441 3.72765
7190 4.93606 3.15453
7195 4.18863 3.50496
7200 4.74531 4.64561
7205 5.38795 3.61768
7210 4.738 3.25618
7215 4.50171 4.72196
7220 5.54726 4.14794
7225 5.4875 3.64729
7230 4.7879 4.44843
7235 5.25103 3.8397
7240 4.94857 4.45068
7245 5.54987 3.93642
7250 5.03469 5.51574
7255 6.1634 4.31122
7260 5.49659 5.66981
7265 6.32412 4.14294
7270 5.30564 4.80692
7275 5.36408 5.16652
7280 6.16505 3.92735
7285 4.87027 3.76421
7290 4.89057 4.14966
7295 5.0453 3.60665
7300 4.68228 3.7748
7305 4.77929 3.45162
7310 4.6765 3.50019
7315 4.43403 4.2674
7320 5.12487 3.35544
7325 4.59932 4.95818
7330 5.46257 3.99445
7335 4.90924 4.25031
7340 5.0583 3.44732
7345 4.53536 3.33633
7350 4.64685 3.44652
7355 4.61887 3.81204
7360 4.78778 4.47936
7365 5.24016 3.40319
7370 4.49307 4.42984
7375 5.26206 4.39384
7380 5.58892 3.92802
7385 5.19361 4.65
7390 5.70661 4.26888
7395 5.27448 3.45537
7400 4.89793 4.59527
7405 5.26368 3.75831
7410 5.03199 4.04512
7415 4.88876 3.86277
7420 4.72103 3.82054
7425 4.78943 3.82908
7430 5.00911 3.67913
7435 4.79821 4.20217
7440 5.0469 4.02708
7445 5.03983 3.76628
7450 4.91237 4.78119
7455 5.49049 3.91394
7460 5.01562 3.91763
7465 4.9404 3.97739
7470 4.93512 3.39666
7475 4.61423 4.43386
7480 5.14274 3.07949
7485 4.2784 3.41372
7490 4.56791 3.9134
7495 4.70905 3.40335
7500 4.85219 3.50408
7505 4.61178 3.78348
7510 5.08945 3.48406
7515 4.5332 10.0456
7520 10.4844 6.14219
7525 7.56885 6.91266
7530 8.41487 6.07426
7535 6.95181 4.76371
7540 5.86302 3.766
7545 5.40399 4.71004
7550 5.52399 4.0886
7555 5.14268 3.54492
7560 4.81471 4.6921
7565 5.98395 4.19942
7570 5.26309 4.71203
7575 5.88028 4.40145
7580 5.36441 3.87561
7585 5.19935 4.88074
7590 5.90311 4.59973
7595 5.64051 4.14829
7600 5.22196 3.90404
7605 5.21324 4.35651
7610 5.31851 6.60916
7615 7.0033 4.97187
7620 5.92101 3.93167
7625 4.70101 4.53661
7630 5.71614 4.48157
7635 5.43317 4.29669
7640 5.52065 4.45121
7645 5.29142 4.47264
7650 5.28716 3.67063
7655 4.97409 4.19944
7660 5.24442 4.2492
7665 5.20467 4.01904
7670 5.13165 3.54426
7675 4.63514 3.90001
7680 4.9057 4.23209
7685 5.30243 4.66429
7690 5.69506 3.63525
7695 4.98001 4.29901
7700 5.54564 3.52153
7705 4.7652 4.49333
7710 5.52639 4.11058
7715 5.14592 3.71698
7720 4.86341 3.95835
7725 5.33101 4.11386
7730 4.71756 3.46157
7735 4.8973 3.40273
7740 4.4241 3.61763
7745 4.80644 3.76883
7750 4.82983 3.39121
7755 4.7009 3.74189
7760 4.64629 4.12182
7765 5.29786 3.83384
7770 4.53909 3.29453
7775 4.41306 3.62438
7780 4.83029 4.24748
7785 5.21456 4.00487
7790 4.8384 4.26257
7795 5.3314 4.32686
7800 5.0232 3.44852
7805 4.68199 3.5763
7810 4.47696 4.11187
7815 5.02812 3.91693
7820 4.86545 4.40659
7825 5.231 4.08005
7830 5.08423 4.97141
7835 5.89492 4.43949
7840 5.4482 4.06753
7845 4.93149 4.88453
7850 5.55345 4.29386
7855 5.46542 4.79914
7860 5.70184 3.76051
7865 4.69552 3.37396
7870 4.59285 3.45146
7875 4.58091 4.49542
7880 5.68374 3.90568
7885 4.66684 3.37565
7890 4.57391 4.01562
7895 4.85279 3.9215
7900 4.8833 4.28503
7905 5.21438 3.73863
7910 4.80546 3.81085
7915 4.69095 3.55913
7920 4.47696 4.42385
7925 5.36437 3.66363
7930 4.82624 3.19112
7935 4.30382 3.90181
7940 4.81382 3.68677
7945 4.87331 4.06523
7950 5.09252 4.31295
7955 5.15838 4.85127
7960 5.74951 3.88362
7965 4.7112 4.00906
7970 5.1652 3.52448
7975 4.67937 4.73988
7980 5.37839 3.85428
7985 4.92593 3.4816
7990 4.61668 3.45667
7995 4.7863 3.84013
8000 5.01093 3.95222
8005 4.98797 3.50425
8010 4.63276 4.25604
8015 5.25109 3.77903
8020 4.94776 4.02561
8025 4.75399 3.6775
8030 4.69956 3.66298
8035 4.87438 3.47687
8040 4.55355 4.16818
8045 4.99566 3.84149
8050 4.84827 3.78041
8055 4.84241 3.75811
8060 4.59956 3.41898
8065 4.4246 3.61655
8070 4.64205 4.04814
8075 4.91192 3.70813
8080 4.73818 4.35683
8085 5.16442 3.29854
8090 4.59589 3.71583
8095 4.58841 4.00024
8100 5.1071 4.32894
8105 5.33396 4.56898
8110 5.37325 3.30185
8115 4.40932 3.98162
8120 4.93269 3.56402
8125 4.33584 3.33607
8130 4.26034 3.46762
8135 4.43845 3.69467
8140 4.67578 3.18288
8145 4.36436 3.77042
8150 4.49289 3.30422
8155 4.21072 3.35716
8160 4.43318 3.85529
8165 4.98619 3.72813
8170 4.68607 3.90169
8175 4.7537 3.67308
8180 4.61378 3.15841
8185 4.21751 3.9033
8190 4.69994 3.34084
8195 4.41656 3.75267
8200 4.7471 4.13135
8205 5.0977 3.56247
8210 4.6622 3.43894
8215 4.56366 3.85091
8220 4.6661 3.18637
8225 4.34842 3.68847
8230 4.56111 3.25976
8235 4.13659 3.08472
8240 4.2282 3.67291
8245 4.70007 3.44623
8250 4.7484 3.33594
8255 4.50426 3.76629
8260 4.65157 2.93442
8265 4.26955 3.31608
8270 4.12218 3.02889
8275 4.34208 2.93808
8280 3.88533 3.43226
8285 4.67346 3.49995
8290 4.43711 3.13056
8295 4.2121 2.90266
8300 4.06514 3.64882
8305 4.56971 3.45073
8310 4.61199 3.37546
8315 4.24907 3.59533
8320 4.68099 2.94825
8325 4.05267 3.14959
8330 4.11926 3.13117
8335 4.28708 3.21323
8340 4.15379 3.38105
8345 4.42069 2.90356
8350 4.22424 3.42008
8355 4.29922 2.86989
8360 4.20285 3.46666
8365 4.49212 3.12198
8370 4.07219 3.09067
8375 4.18366 3.52914
8380 4.55394 3.88584
8385 4.67865 2.55032
8390 3.87871 3.55966
8395 4.79308 3.39165
8400 4.37368 3.49436
8405 4.37506 2.78257
8410 3.97344 2.84301
8415 3.99978 3.30806
8420 4.37455 3.06128
8425 4.05003 3.11524
8430 4.2366 3.86546
8435 4.77251 3.66462
8440 4.74351 3.65452
8445 4.67611 3.67435
8450 4.84874 3.9307
8455 4.76976 3.96017
8460 4.86301 3.44234
8465 4.47294 3.38814
8470 4.32077 3.2654
8475 4.58719 3.20043
8480 4.14632 3.38557
8485 4.438 3.11813
8490 4.1727 2.96143
8495 4.07447 2.83976
8500 3.76659 3.10599
8505 4.4064 4.11275
8510 5.03795 3.45574
8515 4.46583 3.83046
8520 4.69997 2.79932
8525 3.78746 3.44283
8530 4.5802 3.4766
8535 4.39499 3.01293
8540 4.09516 3.40742
8545 4.3653 2.96558
8550 4.19635 3.38306
8555 4.27641 3.34879
8560 4.41682 3.22405
8565 4.07275 3.73543
8570 4.60459 3.55639
8575 4.71657 3.35479
8580 4.30915 3.54221
8585 4.5859 3.3093
8590 4.44299 3.4263
8595 4.61303 3.07502
8600 4.15856 2.99952
8605 3.97908 3.11562
8610 4.17349 3.27107
8615 4.40999 3.4587
8620 4.12901 2.70327
8625 3.79999 3.13775
8630 4.22484 2.88732
8635 4.02968 2.93743
8640 3.91884 3.01629
8645 4.2337 3.00547
8650 4.14936 3.49964
8655 4.64292 3.09473
8660 4.16612 3.19291
8665 4.24927 2.8802
8670 4.05779 2.97646
8675 4.00485 3.40813
8680 4.45807 3.16184
8685 4.12145 3.53779
8690 4.68586 2.98274
8695 4.04384 2.60948
8700 3.97399 2.96872
8705 4.07945 3.27359
8710 4.33798 3.24276
8715 4.21369 2.75512
8720 3.78609 3.03193
8725 4.28922 3.37049
8730 4.28818 2.77933
8735 3.97859 3.16121
8740 4.20362 3.21615
8745 4.46387 3.95646
8750 5.01303 2.89657
8755 3.97512 2.63422
8760 3.80558 3.92862
8765 4.82562 3.14907
8770 4.30465 2.96589
8775 4.05257 3.37013
8780 4.26479 2.71554
8785 3.95667 3.3557
8790 4.49275 3.36058
8795 4.4158 3.66984
8800 4.50468 2.47707
8805 3.55781 2.88672
8810 3.96257 3.13593
8815 4.11219 2.94175
8820 4.19785 2.71631
8825 4.04816 3.1037
8830 4.15499 2.87971
8835 4.06124 2.58252
8840 3.96197 3.37755
8845 4.46038 3.16311
8850 4.28228 3.14659
8855 4.15921 3.2147
8860 4.4086 3.34787
8865 4.22076 3.05102
8870 4.04418 3.40348
8875 4.29477 3.63373
8880 4.77658 3.27262
8885 4.34129 3.589
8890 4.26135 3.00746
8895 4.21365 3.89656
8900 4.58832 2.8716
8905 4.09761 3.98142
8910 4.68971 3.46693
8915 4.36563 3.0803
8920 4.37137 3.3589
8925 4.26652 3.2183
8930 4.08825 3.02744
8935 4.15204 3.15111
8940 4.21243 3.04754
8945 4.14645 2.69287
8950 3.81003 3.39059
8955 4.44453 3.21702
8960 4.1409 3.22002
8965 4.04993 3.15926
8970 4.2153 3.11007
8975 4.06972 3.16084
8980 4.24655 2.98087
8985 4.07307 3.25217
8990 4.41821 2.795
8995 3.92318 3.05594
9000 4.19129 2.74545
9005 4.07527 3.51687
9010 4.31552 2.91597
9015 4.17259 3.544
9020 4.39178 2.79003
9025 4.09027 3.35081
9030 4.48795 3.25239
9035 4.18839 3.37176
9040 4.48092 3.45325
9045 4.45255 2.73755
9050 3.90499 3.1487
9055 4.02743 3.20592
9060 4.16766 2.52581
9065 3.71662 2.53483
9070 3.86321 3.39073
9075 4.29715 2.97739
9080 3.98692 2.5883
9085 3.64535 3.33804
9090 4.40511 3.23276
9095 4.3256 3.24533
9100 4.23357 6.93831
9105 7.79852 2.91484
9110 4.23896 3.00902
9115 4.20342 2.80925
9120 3.82971 3.24255
9125 4.3367 3.10599
9130 4.15878 3.17433
9135 4.30522 2.91601
9140 4.20184 2.66037
9145 3.73628 3.40338
9150 4.38404 3.17454
9155 4.05047 2.97226
9160 3.84187 3.04677
9165 4.06688 3.16919
9170 4.44488 3.46988
9175 4.51452 2.86066
9180 4.06057 3.07775
9185 4.16809 2.63937
9190 3.73284 3.0081
9195 3.94752 2.42716
9200 3.51925 2.5715
9205 3.74021 3.11503
9210 4.11419 2.52145
9215 3.79619 3.2955
9220 3.97767 2.65435
9225 3.72141 2.50553
9230 3.7651 2.75822
9235 3.82606 3.23357
9240 4.34998 3.38946
9245 4.54193 2.99111
9250 4.11147 2.48535
9255 3.95258 3.25992
9260 4.13437 3.17618
9265 4.04808 3.1669
9270 4.28044 3.03782
9275 4.08447 3.25233
9280 4.26393 2.81648
9285 4.1464 3.35052
9290 4.40055 3.06545
9295 4.06834 3.14212
9300 4.13863 3.46688
9305 4.55744 2.75804
9310 3.98512 2.97856
9315 4.06387 3.18479
9320 4.22118 3.1379
9325 4.10007 2.68763
9330 3.87271 2.95344
9335 3.819 3.45636
9340 4.52964 2.63626
9345 3.68519 2.81255
9350 4.03082 2.81108
9355 3.91229 2.71629
9360 3.9026 3.00275
9365 3.9171 2.98585
9370 4.1703 3.29989
9375 4.19916 3.08017
9380 4.11672 2.97666
9385 4.16342 3.52457
9390 4.53633 3.2603
9395 4.32941 2.84846
9400 3.87586 2.73396
9405 3.7697 2.87083
9410 3.85056 3.11203
9415 4.28335 3.11988
9420 4.07377 3.58455
9425 4.45923 3.1759
9430 4.21973 2.94723
9435 4.0861 3.10879
9440 4.08733 3.19899
9445 4.25437 2.8211
9450 3.96475 2.91184
9455 4.10648 3.1178
9460 4.02753 3.20861
9465 4.09614 2.81421
9470 4.14058 3.19962
9475 4.04292 2.65543
9480 3.9163 2.81232
9485 3.74655 2.93425
9490 4.12176 3.60376
9495 4.60607 2.79954
9500 4.03661 3.51499
9505 4.3561 2.96527
9510 3.9287 3.2587
9515 4.45733 3.14439
9520 4.03294 2.80433
9525 4.01383 2.77009
9530 4.01069 3.6732
9535 4.51821 3.3144
9540 4.33004 3.30555
9545 4.37332 3.08494
9550 4.15009 2.68403
9555 4.00494 3.26104
9560 4.05481 2.82752
9565 3.82314 2.80433
9570 4.00825 3.06574
9575 3.90522 2.88664
9580 3.84882 3.22813
9585 4.24279 2.89183
9590 3.99134 3.97859
9595 5.18019 2.96786
9600 3.77846 2.67031
9605 3.9384 3.84093
9610 4.55592 2.79713
9615 3.91033 2.80073
9620 4.02033 2.84566
9625 3.85355 3.27986
9630 4.15353 2.64187
9635 4.00592 3.50924
9640 4.56619 2.89683
9645 3.8575 3.24425
9650 4.34866 3.08482
9655 4.11051 2.88534
9660 3.96679 2.75778
9665 4.03569 2.96714
9670 3.93344 2.75524
9675 3.66359 2.77133
9680 3.97053 2.39874
9685 3.47929 2.83008
9690 3.85075 2.91581
9695 4.03618 3.32873
9700 4.2978 2.54223
9705 3.68953 2.90683
9710 3.90443 3.12255
9715 4.27153 2.97928
9720 4.19342 3.08008
9725 4.18396 3.35186
9730 4.48484 3.12022
9735 3.90111 3.14085
9740 4.16223 2.7742
9745 3.763 3.07735
9750 4.20094 3.06843
9755 3.95183 2.4259
9760 3.74244 3.363
9765 4.27545 2.66308
9770 3.64324 3.07021
9775 4.03565 3.54683
9780 4.32592 2.96768
9785 3.81 2.41825
9790 3.60202 2.59392
9795 3.80942 3.02925
9800 4.17728 3.19832
9805 4.16911 3.19186
9810 4.20883 3.14097
9815 4.12184 3.00881
9820 4.11539 3.38063
9825 4.12744 2.66927
9830 3.77623 2.5776
9835 3.96825 3.11277
9840 3.83255 2.75584
9845 3.78222 2.92534
9850 4.05211 2.81039
9855 3.94894 2.96891
9860 4.15605 3.00947
9865 4.10141 3.16711
9870 4.27491 3.01523
9875 3.99427 2.97949
9880 3.84965 2.52698
9885 3.68788 2.98645
9890 4.22829 3.47512
9895 4.34441 3.66434
9900 4.47596 3.29153
9905 4.12043 3.20628
9910 4.18661 3.0869
9915 4.25686 3.73543
9920 4.54083 3.49741
9925 4.40511 2.36484
9930 3.30903 3.10501
9935 4.19907 3.25182
9940 4.2482 2.95303
9945 4.27382 3.38249
9950 4.25501 3.20519
9955 4.37397 3.21663
9960 4.13047 2.97699
9965 3.89192 3.00227
9970 3.87727 3.55915
9975 4.61549 2.69666
9980 3.9205 2.73719
9985 3.70795 2.58
9990 3.8923 2.75478
9995 3.79555 2.98214
10000 3.9981 3.4432
10005 4.38718 2.67256
10010 3.56676 2.60022
10015 3.2514 2.35508
10020 3.4412 2.79046
10025 3.5911 2.34686
10030 3.3069 2.59309
10035 3.57927 2.69422
10040 3.59847 2.47272
10045 3.3143 2.36891
10050 3.32343 2.35733
10055 3.27159 2.41436
10060 3.47721 2.4927
10065 3.28945 2.28009
10070 3.1621 2.23799
10075 3.37844 2.46654
10080 3.30764 2.57699
10085 3.29727 2.48497
10090 3.31292 2.57645
10095 3.29177 2.06841
10100 3.01684 2.64267
10105 3.63542 2.56993
10110 3.34922 2.32568
10115 3.16498 2.45999
10120 3.36133 2.45367
10125 3.21763 2.56433
10130 3.09805 2.19272
10135 3.15826 2.44222
10140 3.31808 2.36725
10145 3.27414 2.68197
10150 3.54585 2.27257
10155 3.17057 2.47998
10160 3.32525 2.49271
10165 3.24776 2.4623
10170 3.34063 2.24109
10175 3.09815 2.48932
10180 3.31414 2.35116
10185 3.12783 2.37857
10190 3.25806 2.46773
10195 3.32374 2.30366
10200 3.03774 2.21473
10205 2.85526 2.24078
10210 3.10798 2.16457
10215 2.91766 2.24176
10220 3.15834 2.27357
10225 3.22006 2.19094
10230 3.16867 2.38362
10235 3.21736 2.34294
10240 3.10731 2.27266
10245 3.06027 2.31004
10250 3.10537 2.13998
10255 3.2736 2.32477
10260 3.12032 2.14194
10265 2.98049 2.17447
10270 3.14824 2.37308
10275 3.22125 2.16339
10280 3.01651 2.49912
10285 3.30278 2.41057
10290 3.3376 2.42756
10295 3.18443 2.1181
10300 2.99283 2.30939
10305 3.11023 2.12529
10310 2.97478 2.2874
10315 3.10843 2.30641
10320 3.15839 2.43467
10325 3.20308 2.13502
10330 2.98426 2.24666
10335 3.17204 2.48843
10340 3.26491 2.32866
10345 3.09717 2.13799
10350 2.9643 2.0591
10355 3.0928 2.31699
10360 3.17434 2.2283
10365 3.07294 2.34258
10370 3.26408 2.55324
10375 3.24249 2.12933
10380 3.08379 2.10775
10385 2.98338 2.02149
10390 3.0348 2.14113
10395 2.86558 2.17568
10400 3.06549 2.17319
10405 3.13249 2.4405
10410 3.24584 2.30298
10415 3.11347 2.38208
10420 3.09886 2.26693
10425 3.00107 2.20938
10430 3.05028 2.23901
10435 3.28692 2.56675
10440 3.17491 2.3715
10445 3.27736 2.18665
10450 3.0823 2.38076
10455 3.15268 2.2434
10460 2.99948 2.26907
10465 3.19312 2.16748
10470 3.14943 2.20923
10475 3.13567 2.43668
10480 3.11907 2.22988
10485 3.08593 2.19788
10490 3.20309 2.31019
10495 3.14687 2.17838
10500 3.1346 2.28268
10505 3.07281 1.9885
10510 2.78517 2.01524
10515 3.08491 2.52079
10520 3.17993 2.13447
10525 3.06622 2.24018
10530 2.99886 2.14898
10535 3.02537 2.24989
10540 3.05717 2.1042
10545 2.92006 2.05195
10550 2.97008 2.36381
10555 3.20145 2.05268
10560 3.07023 2.20388
10565 3.223 2.38478
10570 3.18476 2.59863
10575 3.44369 2.3986
10580 3.21687 2.25708
10585 2.92183 2.04198
10590 2.82917 2.10075
10595 3.05379 2.13556
10600 3.04448 2.0698
10605 2.8922 2.06204
10610 2.83895 2.21191
10615 2.90497 2.09317
10620 3.07406 2.32817
10625 3.02814 2.21166
10630 3.08102 2.09703
10635 2.99896 2.27315
10640 3.06728 2.09281
10645 3.25759 2.3475
10650 3.10777 2.14648
10655 2.93915 2.094
10660 3.10405 2.17294
10665 3.06506 2.14791
10670 3.01289 2.4467
10675 3.18514 2.03073
10680 2.94928 2.21589
10685 3.02321 2.04679
10690 2.96956 2.14014
10695 3.10464 2.30367
10700 3.15381 2.19679
10705 3.15475 2.11164
10710 2.96039 2.16652
10715 3.00402 2.07997
10720 2.82034 2.0684
10725 2.98421 2.22875
10730 3.01424 2.27149
10735 3.18367 2.13405
10740 2.86099 2.12979
10745 2.96653 2.21124
10750 3.12054 2.08027
10755 2.87192 2.02816
10760 2.89654 2.1675
10765 2.95185 2.06899
10770 2.86495 2.07759
10775 3.13458 2.27503
10780 3.05278 2.03063
10785 2.9105 2.31732
10790 3.07825 2.02846
10795 2.89611 2.00551
10800 2.99502 2.163
10805 2.88053 2.19692
10810 3.27853 2.14782
10815 3.07541 2.4522
10820 3.28712 2.21617
10825 2.948 1.99508
10830 2.91648 2.13972
10835 2.94561 2.04412
10840 2.89627 2.07705
10845 2.9852 2.15763
10850 3.03658 2.20137
10855 3.05392 1.97656
10860 2.80863 2.26009
10865 3.05808 2.10239
10870 2.87054 2.05217
10875 2.91124 2.02053
10880 2.86047 2.34236
10885 3.17134 2.01913
10890 2.90451 2.01293
10895 2.79292 2.05286
10900 3.0484 2.43548
10905 3.09043 2.05491
10910 2.85179 1.93783
10915 2.93733 2.11412
10920 3.00374 2.12064
10925 3.19574 2.1524
10930 3.01734 2.1429
10935 3.14068 2.07188
10940 2.8935 1.86724
10945 2.87764 2.10432
10950 2.78796 2.11446
10955 3.0073 2.04971
10960 2.99179 2.37569
10965 3.25275 1.9569
10970 2.84117 2.15946
10975 3.00566 1.98653
10980 2.74111 1.91245
10985 2.96342 2.47292
10990 3.1563 2.06767
10995 2.88737 2.09723
11000 3.02169 2.04937
11005 2.99011 2.25536
11010 2.97184 2.19075
11015 2.97136 2.0689
11020 3.10685 1.96431
11025 2.79682 1.98556
11030 3.05623 2.27631
11035 3.10273 2.15774
11040 2.9893 2.01603
11045 2.83348 2.02052
11050 3.02221 2.10435
11055 3.14847 2.28236
11060 3.02804 2.02182
11065 2.94637 2.30596
11070 3.21477 2.22873
11075 2.95218 1.98553
11080 2.96716 2.1224
11085 2.9059 2.06314
11090 2.82843 1.82575
11095 2.9713 2.13939
11100 2.87028 2.0376
11105 2.98276 2.0436
11110 2.89003 2.10625
11115 3.01343 1.97482
11120 3.0404 2.32103
11125 3.1963 2.02786
11130 2.92458 2.22746
11135 3.02727 2.03928
11140 2.95127 2.0428
11145 2.92803 2.1093
11150 2.96475 2.10741
11155 2.92327 1.99507
11160 2.72671 1.95862
11165 2.85921 2.24344
11170 3.08027 2.0203
11175 2.97035 1.99764
11180 2.87606 2.16184
11185 2.9583 2.05694
11190 2.87387 2.03549
11195 2.79436 2.16173
11200 3.03998 1.99837
11205 2.76208 1.90624
11210 2.85092 2.00652
11215 2.77746 1.84289
11220 2.8642 2.1015
11225 3.11081 2.10073
11230 2.96265 2.06565
11235 2.84606 2.03934
11240 2.93463 1.99292
11245 2.81218 2.07578
11250 3.00529 2.0658
11255 2.85071 1.88959
11260 2.79385 2.25859
11265 3.03539 2.23539
11270 3.09829 2.03311
11275 3.11185 1.9543
11280 2.81275 1.86968
11285 2.88192 2.20891
11290 3.0916 2.0258
11295 2.95313 2.18603
11300 3.13788 2.07685
11305 2.89181 1.98174
11310 2.7503 2.07883
11315 3.05207 2.06308
11320 2.80029 2.12841
11325 2.91385 2.10153
11330 3.02272 2.19556
11335 2.97159 1.86606
11340 2.63971 1.8694
11345 2.8515 2.066
11350 2.9796 2.27493
11355 3.07245 2.15918
11360 3.11476 2.18275
11365 3.04339 2.07732
11370 2.85687 1.82103
11375 2.7224 2.1537
11380 3.01995 2.21396
11385 3.0219 1.90742
11390 2.78062 1.86538
11395 2.81117 1.95168
11400 2.81414 1.9974
11405 2.81146 2.02686
11410 2.94454 2.01363
11415 3.06794 1.98416
11420 2.97806 2.12027
11425 2.96502 2.15622
11430 2.90514 2.10116
11435 3.10701 2.1762
11440 2.87992 1.92244
11445 2.9512 2.32446
11450 3.01583 1.97747
11455 2.95044 2.18619
11460 2.98963 2.00833
11465 2.93256 2.19974
11470 3.06608 2.08551
11475 2.89459 2.02321
11480 2.85052 2.05625
11485 2.89929 2.08652
11490 2.94791 1.96512
11495 2.91923 2.05374
11500 2.81552 2.08406
11505 2.76467 1.94424
11510 2.85901 2.00649
11515 2.83648 1.93122
11520 2.73384 2.05312
11525 2.91685 2.04924
11530 2.83066 1.95756
11535 2.84578 2.0757
11540 2.83737 1.94524
11545 2.81782 1.99885
11550 2.91949 2.1433
11555 2.91794 2.00064
11560 2.79591 1.97734
11565 2.70117 1.94527
11570 2.78659 1.97374
11575 2.82406 2.07937
11580 2.834 2.06278
11585 2.9109 1.8427
11590 2.76899 2.00543
11595 2.86511 2.05025
11600 2.82652 2.0493
11605 2.95126 2.03904
11610 2.69593 1.841
11615 2.90379 1.97881
11620 2.79905 1.92093
11625 2.79238 1.9777
11630 2.87091 1.96494
11635 2.90636 2.01456
11640 2.82629 1.98933
11645 2.72269 1.86557
11650 2.80175 2.25814
11655 3.10665 1.97392
11660 2.69675 1.83925
11665 2.99536 2.25004
11670 3.0891 2.10451
11675 2.68771 1.97799
11680 2.93155 1.73453
11685 2.66987 2.07857
11690 2.85793 2.23701
11695 2.95388 1.81773
11700 2.65051 1.95886
11705 2.91557 2.15355
11710 3.02758 2.00301
11715 3.02598 2.19163
11720 2.90043 1.96216
11725 2.87413 1.90746
11730 2.77882 2.02343
11735 2.85274 1.92425
11740 2.74388 1.95895
11745 2.81465 1.97045
11750 2.7742 1.91202
11755 2.7131 2.02713
11760 2.84545 2.0582
11765 2.82628 1.80213
11770 2.72708 1.88774
11775 2.71122 1.88396
11780 2.8612 2.04458
11785 2.88226 1.83168
11790 2.80579 1.99974
11795 2.8858 1.93743
11800 2.88158 2.24215
11805 2.96058 1.94143
11810 2.85057 1.95906
11815 2.87562 2.26099
11820 3.0179 1.97388
11825 2.84451 1.94711
11830 2.86877 1.89452
11835 2.86067 2.15007
11840 2.97012 2.13762
11845 2.95668 1.89483
11850 2.88958 1.93037
11855 2.8328 2.02843
11860 2.74291 1.99874
11865 2.77434 1.87471
11870 2.84985 1.93284
11875 2.69508 1.96019
11880 2.88876 2.06703
11885 2.92054 2.03406
11890 2.77042 1.89152
11895 2.85144 1.94658
11900 2.70857 1.80868
11905 2.68094 2.06444
11910 2.81151 1.95605
11915 2.82482 2.04598
11920 2.83485 1.9788
11925 2.85854 2.1228
11930 2.77806 1.90433
11935 2.78184 2.01809
11940 2.83865 1.94117
11945 2.80389 1.92443
11950 2.74585 1.96687
11955 2.83659 2.14757
11960 3.08918 1.95982
11965 2.79187 1.88645
11970 2.84607 2.03997
11975 2.85967 2.02889
11980 2.98731 2.07881
11985 2.86596 2.04536
11990 2.90937 2.07584
11995 2.82421 1.96791
12000 2.79501 1.9066
12005 2.93088 2.00437
12010 2.86145 2.00953
12015 3.01469 2.12251
12020 2.80504 1.96001
12025 2.79144 2.13274
12030 2.96695 1.9291
12035 2.72516 1.96325
12040 2.89673 2.12795
12045 2.95792 1.94963
12050 2.70819 1.94614
12055 2.9652 2.00396
12060 2.78606 1.9933
12065 2.81991 2.22068
12070 3.02312 1.78199
12075 2.64184 1.91991
12080 2.75345 1.95444
12085 2.82925 1.91561
12090 2.80504 1.84567
12095 2.83854 2.2141
12100 3.25094 2.20775
12105 3.04414 2.28055
12110 2.87039 1.91017
12115 2.84877 2.0191
12120 2.77026 1.75339
12125 2.71232 2.15459
12130 2.89031 1.97347
12135 2.97891 2.07261
12140 2.92201 1.9647
12145 2.78863 1.85109
12150 2.79062 1.91003
12155 2.85537 1.8389
12160 2.81458 1.89806
12165 2.67425 1.79043
12170 2.53078 1.92207
12175 2.78369 1.85306
12180 2.77174 1.92685
12185 2.89637 1.86414
12190 2.69935 1.88273
12195 2.72915 1.95479
12200 2.76161 1.86528
12205 2.83556 1.85969
12210 2.68208 1.91641
12215 2.77332 1.93542
12220 2.80187 1.90013
12225 2.80964 2.20438
12230 2.92134 1.82616
12235 2.81155 1.97644
12240 2.67123 1.87712
12245 2.9737 1.99803
12250 2.70619 1.88842
12255 2.75303 1.93685
12260 2.80929 1.97574
12265 2.78888 1.93019
12270 2.74323 2.17238
12275 2.951 1.88053
12280 2.88034 2.0121
12285 2.81554 1.93448
12290 2.8241 1.89008
12295 2.74664 1.94793
12300 2.7109 1.91577
12305 2.81159 1.96551
12310 2.84985 1.85367
12315 2.81133 1.92164
12320 2.812 1.88329
12325 2.73318 1.91835
12330 2.89448 1.99182
12335 2.78362 1.94059
12340 2.68804 2.16973
12345 2.93008 1.86235
12350 2.71427 1.68864
12355 2.75199 1.95004
12360 2.73761 1.86351
12365 2.60776 1.90102
12370 2.74383 1.9953
12375 2.9118 2.06619
12380 2.99402 1.91318
12385 2.6699 1.85621
12390 2.73551 1.85024
12395 2.76043 1.94838
12400 2.69275 1.9235
12405 2.76425 1.90538
12410 2.82144 1.82215
12415 2.57091 1.86396
12420 2.63963 1.98019
12425 2.70616 2.09645
12430 2.8256 1.87137
12435 2.86523 1.88925
12440 2.69651 1.90748
12445 2.64268 1.87268
12450 2.88204 1.83999
12455 2.64866 1.9703
12460 2.70454 1.88954
12465 2.72049 1.92082
12470 2.7798 1.89577
12475 2.8116 2.17749
12480 2.85799 1.98168
12485 2.81173 2.10173
12490 2.88308 1.80414
12495 2.63757 1.86121
12500 2.74963 1.9768
12505 2.80826 2.06862
12510 2.86973 1.85578
12515 2.74005 1.81601
12520 2.66001 1.87799
12525 2.7917 1.81516
12530 2.90565 2.17869
12535 2.78588 1.97091
12540 2.83483 1.91913
12545 2.77322 1.882
12550 2.76987 2.11698
12555 3.01613 2.02852
12560 2.83191 2.03277
12565 3.0023 2.09116
12570 2.66592 1.72724
12575 2.66039 2.03537
12580 2.74773 1.87495
12585 2.76921 2.0216
12590 2.88918 1.93008
12595 2.83161 2.0026
12600 2.7105 1.89192
12605 2.65127 1.92662
12610 2.83281 1.95348
12615 2.77784 1.82145
12620 2.71896 1.84834
12625 2.58162 1.99815
12630 2.88257 2.02708
12635 2.73624 1.95025
12640 2.75368 1.86255
12645 2.65938 1.79905
12650 2.77957 1.93378
12655 2.70141 1.75699
12660 2.68758 1.77715
12665 2.77934 1.84985
12670 2.6798 1.96449
12675 2.94628 1.90612
12680 2.76671 1.78579
12685 2.72089 1.92015
12690 2.69016 1.79399
12695 2.98215 2.20665
12700 2.87361 1.90414
12705 2.90888 2.08831
12710 2.78763 1.88918
12715 2.51797 1.76571
12720 2.60294 1.89959
12725 2.67693 1.77818
12730 2.6964 1.79737
12735 2.6167 1.8773
12740 2.53069 1.98787
12745 2.82709 1.97086
12750 2.95303 2.00257
12755 2.80352 1.97234
12760 2.77857 2.09014
12765 2.91771 1.94305
12770 2.79628 1.87036
12775 2.77093 1.90466
12780 2.66733 1.76909
12785 2.50652 1.66499
12790 2.56846 1.78809
12795 2.72682 1.91125
12800 2.67243 1.94612
12805 2.78655 1.88364
12810 2.64295 1.68753
12815 2.46602 1.95736
12820 2.85995 2.09926
12825 2.97245 1.95278
12830 2.81926 1.91276
12835 2.67187 1.95911
12840 2.77184 2.09566
12845 3.06907 1.99631
12850 2.81058 1.8846
12855 2.67027 1.74619
12860 2.54009 1.91063
12865 2.73983 1.83727
12870 2.70196 1.70694
12875 2.51199 1.81182
12880 2.75049 1.88881
12885 2.62896 1.83599
12890 2.57948 1.9014
12895 2.6228 1.8262
12900 2.719 2.08154
12905 2.91887 1.71393
12910 2.76238 1.85023
12915 2.56812 1.89821
12920 2.85492 1.96057
12925 2.68151 1.93544
12930 2.80981 1.88345
12935 2.79424 2.1688
12940 2.8259 1.99034
12945 2.85972 1.81747
12950 2.70747 1.86869
12955 2.6585 1.86964
12960 2.61598 1.89209
12965 2.80804 2.10712
12970 2.84672 1.78551
12975 2.71763 1.87525
12980 2.58825 1.73369
12985 2.68103 1.8483
12990 2.78517 1.8702
12995 2.70274 2.072
13000 2.92709 1.83149
13005 2.74413 1.78705
13010 2.71677 1.9434
13015 2.85374 2.00835
13020 2.91092 2.01738
13025 2.88984 1.98007
13030 2.70986 1.72494
13035 2.64443 1.73051
13040 2.54332 1.99522
13045 2.72422 1.75093
13050 2.61125 1.94563
13055 2.73479 2.05055
13060 2.93071 1.97144
13065 2.6731 1.72796
13070 2.6963 1.87812
13075 2.61856 1.85067
13080 2.66731 2.06318
13085 2.82946 1.96449
13090 2.82636 1.90473
13095 2.68983 1.90157
13100 2.70227 1.96618
13105 2.81394 1.82018
13110 2.67735 1.90185
13115 2.76816 1.97601
13120 2.77413 1.93187
13125 2.69814 1.88875
13130 2.80222 1.95776
13135 2.74865 1.91037
13140 2.66695 1.70043
13145 2.43113 1.95956
13150 2.96212 2.05812
13155 2.82249 1.80625
13160 2.66213 1.77399
13165 2.7685 2.39959
13170 2.96225 2.02201
13175 2.80061 1.84452
13180 2.65654 1.93501
13185 2.73712 1.9563
13190 2.83066 1.9212
13195 2.61883 1.84234
13200 2.67186 1.84962
13205 2.74205 1.71979
13210 2.63345 1.97017
13215 2.69989 1.82495
13220 2.91416 2.16484
13225 2.74709 1.88018
13230 2.71114 1.71753
13235 2.50652 2.0436
13240 2.90429 1.90915
13245 2.70484 2.01093
13250 2.77102 2.20668
13255 2.97268 2.01371
13260 2.71157 1.86842
13265 2.66129 1.73157
13270 2.41752 1.7872
13275 2.75214 1.63242
13280 2.43295 1.91067
13285 2.73007 1.98656
13290 2.68242 1.9687
13295 2.88282 1.99922
13300 2.68706 1.86126
13305 2.77842 1.85203
13310 2.84971 2.05325
13315 2.88277 2.04412
13320 2.84267 1.69169
13325 2.68152 1.81359
13330 2.62883 1.89465
13335 2.79206 2.0534
13340 2.7897 1.76253
13345 2.6437 1.82392
13350 2.55194 1.76104
13355 2.70623 1.94505
13360 2.69575 1.84803
13365 2.57158 1.7832
13370 2.65394 1.80549
13375 2.77995 1.76424
13380 2.60979 1.80817
13385 2.76421 1.87495
13390 2.68223 2.07201
13395 2.78178 1.83112
13400 2.71831 1.89808
13405 2.77626 1.96809
13410 2.74624 1.82848
13415 2.74056 1.8782
13420 2.77603 2.11426
13425 3.00923 2.07033
13430 2.94435 1.9543
13435 2.80567 2.01808
13440 2.79781 1.9776
13445 2.7156 1.82324
13450 2.75081 1.85425
13455 2.60568 1.85489
13460 2.90948 1.96793
13465 2.75506 1.79157
13470 2.53556 1.91717
13475 2.76299 1.84349
13480 2.73972 1.9311
13485 2.57594 1.69024
13490 2.43968 1.72281
13495 2.50053 1.68679
13500 2.57799 1.74215
13505 2.54513 1.77555
13510 2.62463 1.80514
13515 2.70219 1.89376
13520 2.60906 1.77268
13525 2.67054 1.94253
13530 2.63867 1.89242
13535 2.64347 1.8493
13540 2.61954 1.73102
13545 2.8042 1.94294
13550 2.67828 1.91127
13555 2.64264 1.79332
13560 2.73593 1.90314
13565 2.66009 1.83294
13570 2.67689 1.7657
13575 2.63106 1.91009
13580 2.84064 1.8475
13585 2.60115 1.59675
13590 2.51483 1.91212
13595 2.68793 1.83561
13600 2.74034 1.88137
13605 2.63101 1.95809
13610 2.70059 1.81067
13615 2.76897 1.94747
13620 2.77975 1.82374
13625 2.47834 1.77938
13630 2.63469 1.66429
13635 2.71286 1.8482
13640 2.64086 1.88539
13645 2.74244 1.90197
13650 2.73221 1.79798
13655 2.5592 1.90629
13660 2.7723 1.80311
13665 2.70704 1.8574
13670 2.5831 1.70161
13675 2.60619 1.86065
13680 2.76924 1.83365
13685 2.64314 1.72489
13690 2.60777 1.80394
13695 2.73581 1.77811
13700 2.61168 1.79453
13705 2.57384 1.87058
13710 2.71604 1.80371
13715 2.66303 1.8901
13720 2.77266 1.9016
13725 2.57551 1.83731
13730 2.72371 1.81172
13735 2.6046 1.80612
13740 2.45844 1.93146
13745 2.63961 1.77477
13750 2.69188 1.92853
13755 2.68111 1.78792
13760 2.66685 1.86151
13765 2.78395 2.04755
13770 2.76654 1.7622
13775 2.7314 2.01698
13780 2.85325 1.83125
13785 2.79308 1.88669
13790 2.72456 1.84948
13795 2.64729 1.80071
13800 2.76706 1.82919
13805 2.61281 1.72381
13810 2.83612 1.99234
13815 2.82144 1.75001
13820 2.81345 1.93421
13825 2.68726 1.80561
13830 2.52073 1.75106
13835 2.4663 1.90931
13840 2.67614 1.85816
13845 2.69229 1.7505
13850 2.74494 2.09951
13855 2.97887 1.85051
13860 2.68731 1.73593
13865 2.70065 1.94042
13870 2.69879 1.7244
13875 2.70627 1.73009
13880 2.5054 1.71201
13885 2.6589 1.93974
13890 2.78659 1.91237
13895 2.75515 1.79001
13900 2.68858 1.98533
13905 2.88385 1.9281
13910 2.65901 1.9148
13915 2.77837 1.7931
13920 2.57035 1.67509
13925 2.49015 1.67049
13930 2.45929 1.72651
13935 2.60772 1.8084
13940 2.75217 1.80615
13945 2.59732 1.70246
13950 2.59126 1.87486
13955 2.82197 1.95332
13960 2.5261 1.68493
13965 2.46831 1.68996
13970 2.50171 1.84146
13975 2.62943 1.89243
13980 2.81117 1.90454
13985 2.61725 1.88452
13990 2.60695 1.69477
13995 2.62073 2.0194
14000 2.77442 1.7767
14005 2.69556 1.98577
14010 2.68602 1.84821
14015 2.71328 1.99028
14020 2.82586 1.93456
14025 2.73585 1.91075
14030 2.75922 1.87916
14035 2.69764 1.86725
14040 2.75644 1.94074
14045 2.7686 1.92448
14050 2.85499 1.82686
14055 2.69028 1.93513
14060 2.554 1.88737
14065 2.64844 1.95273
14070 2.88296 1.79629
14075 2.6529 1.66112
14080 2.54664 1.74536
14085 2.44802 1.60469
14090 2.49643 1.90531
14095 2.69595 1.76982
14100 2.54397 1.75176
14105 2.67602 1.83693
14110 2.54263 1.71548
14115 2.5589 1.92527
14120 2.6227 1.72678
14125 2.51857 1.89631
14130 2.69106 1.89993
14135 2.70383 1.70768
14140 2.68989 1.79324
14145 2.60204 1.75712
14150 2.75678 1.96711
14155 2.81759 1.81929
14160 2.65894 1.79834
14165 2.57567 1.62403
14170 2.46905 1.71924
14175 2.69276 1.7951
14180 2.60421 1.89138
14185 2.78463 1.8222
14190 2.70356 1.86536
14195 2.82815 1.83645
14200 2.76809 1.81833
14205 2.52352 1.77983
14210 2.51101 1.83338
14215 2.7041 1.69323
14220 2.58021 1.88168
14225 2.80499 1.90882
14230 2.60915 1.8654
14235 2.67161 1.85435
14240 2.72219 1.75034
14245 2.57019 1.70536
14250 2.67232 1.73843
14255 2.66537 1.9484
14260 2.66523 1.8234
14265 2.63825 1.85735
14270 2.57175 1.74402
14275 2.60449 1.76278
14280 2.56129 1.77693
14285 2.60957 1.84547
14290 2.79844 1.78017
14295 2.77699 2.00393
14300 2.69909 1.69491
14305 2.40404 1.64369
14310 2.77381 2.40855
14315 2.92071 1.82549
14320 2.63904 1.75308
14325 2.52407 1.86015
14330 2.57576 1.71506
14335 2.43419 1.63967
14340 2.71397 1.92811
14345 2.682 1.7981
14350 2.85414 1.90006
14355 2.70884 1.92103
14360 2.72599 1.89916
14365 2.60836 1.88437
14370 2.78863 1.90967
14375 2.65909 1.86299
14380 2.60083 1.72717
14385 2.6054 1.81573
14390 2.63953 1.85356
14395 2.68533 1.69006
14400 2.54871 1.81772
14405 2.59827 1.74046
14410 2.60668 1.78303
14415 2.56903 1.84129
14420 2.70913 1.91168
14425 2.66786 1.8357
14430 2.60224 1.7651
14435 2.74286 1.82628
14440 2.663 1.82103
14445 2.54238 1.82212
14450 2.63245 1.89459
14455 2.80185 2.07055
14460 2.75822 1.60407
14465 2.49781 1.80018
14470 2.65047 1.88181
14475 2.85466 1.97083
14480 2.87982 1.84325
14485 2.61897 1.85013
14490 2.58213 1.77013
14495 2.65563 1.79179
14500 2.56386 1.88669
14505 2.81943 1.78398
14510 2.57628 1.64503
14515 2.64571 1.86147
14520 2.51524 1.67414
14525 2.4827 1.9263
14530 2.73841 1.85844
14535 2.76636 2.0632
14540 2.88892 1.89899
14545 2.70222 1.97956
14550 2.66627 1.60796
14555 2.48944 1.79132
14560 2.50704 1.84631
14565 2.67431 1.6967
14570 2.58208 1.79209
14575 2.52934 1.55187
14580 2.43736 1.80182
14585 2.49252 1.81098
14590 2.61988 1.97898
14595 2.93136 1.74518
14600 2.65015 1.72163
14605 2.54043 1.95382
14610 2.79778 1.90823
14615 2.691 1.86307
14620 2.56438 1.81412
14625 2.57452 1.80469
14630 2.64112 1.71272
14635 2.67402 1.85229
14640 2.609 1.70777
14645 2.44365 1.70531
14650 2.53765 1.71575
14655 2.64498 1.7398
14660 2.58224 1.89581
14665 2.66404 1.70571
14670 2.59157 1.83673
14675 2.52651 1.66955
14680 2.72778 1.85139
14685 2.76091 1.81427
14690 2.58106 1.67622
14695 2.49887 1.84083
14700 2.72042 1.75338
14705 2.72039 1.79475
14710 2.60503 1.8089
14715 2.57687 1.77541
14720 2.6394 1.7169
14725 2.69063 1.81932
14730 2.56686 1.79211
14735 2.57367 1.8349
14740 2.71329 1.86852
14745 2.48882 1.69119
14750 2.57461 1.74738
14755 2.55324 1.76539
14760 2.78389 1.93087
14765 2.63107 1.82038
14770 2.66719 1.77743
14775 2.54927 1.71185
14780 2.46435 1.82334
14785 2.52514 1.80239
14790 2.6052 1.69511
14795 2.38513 1.67035
14800 2.70857 2.00485
14805 2.64964 1.84163
14810 2.57415 1.67951
14815 2.56383 1.90793
14820 2.69204 1.80912
14825 2.62004 1.78092
14830 2.5697 1.91461
14835 2.93342 1.82095
14840 2.56371 1.82082
14845 2.53338 1.66123
14850 2.53892 1.80117
14855 2.75074 1.84413
14860 2.56632 1.63201
14865 2.49412 1.87255
14870 2.61971 1.77862
14875 2.69158 1.70651
14880 2.43916 1.6861
14885 2.65646 1.79233
14890 2.726 1.87417
14895 2.64974 1.6647
14900 2.68434 1.91634
14905 2.71737 1.62758
14910 2.43095 1.69112
14915 2.47278 1.51807
14920 2.37189 1.72373
14925 2.57509 1.99542
14930 2.77612 1.91475
14935 2.58988 1.7802
14940 2.61374 1.70273
14945 2.57267 1.84265
14950 2.43916 1.80386
14955 2.65413 1.84726
14960 2.60439 1.84003
14965 2.59885 1.80961
14970 2.65885 1.95044
14975 2.60385 1.91389
14980 2.58768 1.63394
14985 2.4603 1.67094
14990 2.59515 1.77769
14995 2.6862 1.85667
15000 2.6316 1.84081
15005 2.71193 1.91672
15010 2.66316 1.73095
15015 2.55323 1.76862
15020 2.60215 1.7601
15025 2.63363 1.7938
15030 2.49464 1.6932
15035 2.50451 1.78995
15040 2.55713 1.83848
15045 2.63994 1.64555
15050 2.62334 1.86727
15055 2.54847 1.83816
15060 2.62141 1.89293
15065 2.58277 1.73135
15070 2.49425 1.87346
15075 2.57698 1.73184
15080 2.49457 1.75031
15085 2.5426 1.66978
15090 2.43897 1.72474
15095 2.69495 1.83418
15100 2.48394 1.75011
15105 2.64205 1.74425
15110 2.60384 1.8532
15115 2.69974 2.1648
15120 2.83718 1.75117
15125 2.56439 1.70673
15130 2.58956 1.77272
15135 2.55195 1.86979
15140 2.51859 1.69362
15145 2.63481 1.83312
15150 2.66823 1.78034
15155 2.4937 1.69589
15160 2.43669 1.66563
15165 2.5548 1.85957
15170 2.68667 1.77779
15175 2.69795 1.8175
15180 2.62904 1.85457
15185 2.65511 1.74851
15190 2.64666 1.75651
15195 2.45379 1.88863
15200 2.65784 1.71002
15205 2.43622 1.68361
15210 2.59887 1.87406
15215 2.60998 1.77161
15220 2.60422 1.79753
15225 2.6385 1.99961
15230 2.91365 1.73176
15235 2.53005 1.70298
15240 2.41141 1.61094
15245 2.55053 1.85435
15250 2.63032 1.77713
15255 2.55008 1.82823
15260 2.72117 1.92465
15265 2.799 1.83078
15270 2.7639 1.80832
15275 2.5216 1.72414
15280 2.61048 1.73113
15285 2.66264 1.7141
15290 2.69756 1.85243
15295 2.61138 1.76239
15300 2.63639 1.68876
15305 2.54598 1.66495
15310 2.45305 1.77554
15315 2.63718 1.68396
15320 2.45321 1.68497
15325 2.52522 1.81445
15330 2.61023 1.80273
15335 2.54361 1.72191
15340 2.55009 1.62539
15345 2.54472 1.92202
15350 2.67978 1.78065
15355 2.62902 1.88801
15360 2.56845 1.7395
15365 2.63463 1.97213
15370 2.75889 1.93445
15375 2.81493 1.7997
15380 2.49376 1.8618
15385 2.63015 1.77476
15390 2.7061 1.77117
15395 2.63646 1.76242
15400 2.70439 1.81238
15405 2.6166 1.65709
15410 2.49983 1.71051
15415 2.67659 1.8136
15420 2.73912 1.83331
15425 2.56385 1.80717
15430 2.61039 1.6706
15435 2.55448 1.86659
15440 2.64291 1.70003
15445 2.59911 1.77547
15450 2.38837 1.68975
15455 2.53578 1.82598
15460 2.82981 1.80678
15465 2.63447 1.8641
15470 2.50554 1.70621
15475 2.5075 1.61132
15480 2.46858 1.74116
15485 2.52298 1.74642
15490 2.55728 1.77805
15495 2.62281 1.90016
15500 2.77475 1.95951
15505 2.78473 1.87656
15510 2.61685 1.80613
15515 2.65882 1.83282
15520 2.62224 1.55795
15525 2.44706 1.71028
15530 2.61479 1.8546
15535 2.56233 1.79188
15540 2.67966 1.74882
15545 2.5063 1.78851
15550 2.54744 1.69894
15555 2.60199 2.05319
15560 2.75924 1.73188
15565 2.61956 1.79856
15570 2.51426 1.67529
15575 2.59028 1.84661
15580 2.63587 1.87392
15585 2.69577 1.68399
15590 2.54663 1.77317
15595 2.50019 1.71781
15600 2.57942 1.74382
15605 2.59065 1.70087
15610 2.50636 1.75867
15615 2.6168 1.74817
15620 2.66871 1.88
15625 2.69552 1.81249
15630 2.43809 1.65232
15635 2.56622 1.67724
15640 2.55517 1.79236
15645 2.54685 1.87651
15650 2.72293 1.68417
15655 2.67042 1.90347
15660 2.75346 1.74201
15665 2.64681 1.86712
15670 2.5029 1.76341
15675 2.64985 1.73049
15680 2.59174 1.62876
15685 2.46297 1.9091
15690 2.74764 1.83571
15695 2.68982 1.64629
15700 2.4553 1.71255
15705 2.57348 1.66676
15710 2.48051 1.77216
15715 2.63138 1.67044
15720 2.61381 1.77254
15725 2.67023 1.91993
15730 2.77376 1.73106
15735 2.45569 1.79045
15740 2.59626 1.69233
15745 2.54996 1.80399
15750 2.50095 1.86374
15755 2.78736 1.8961
15760 2.73717 1.81619
15765 2.53236 1.65757
15770 2.50087 1.65387
15775 2.49176 1.73166
15780 2.60042 1.89476
15785 2.67585 1.76169
15790 2.61462 1.77096
15795 2.57881 1.80285
15800 2.77952 1.9102
15805 2.62365 1.80752
15810 2.66434 1.72366
15815 2.55775 1.84958
15820 2.56504 1.66822
15825 2.5993 1.78999
15830 2.42605 1.76764
15835 2.66174 1.76104
15840 2.51506 1.82163
15845 2.68636 1.86249
15850 2.72661 1.73925
15855 2.52186 1.71715
15860 2.48939 1.70549
15865 2.46443 1.72158
15870 2.58167 1.7929
15875 2.66586 2.07574
15880 2.7871 1.79756
15885 2.40053 1.6485
15890 2.55361 1.7261
15895 2.61866 1.8829
15900 2.63807 1.70671
15905 2.52063 1.65544
15910 2.46945 1.77701
15915 2.60513 1.83355
15920 2.66122 1.69116
15925 2.60214 1.9084
15930 2.65194 1.89725
15935 2.76259 1.85083
15940 2.58344 1.79666
15945 2.54232 1.82088
15950 2.61013 1.81393
15955 2.59416 1.65948
15960 2.62852 1.76332
15965 2.38907 1.60316
15970 2.58604 1.76266
15975 2.55459 1.63665
15980 2.50054 1.91918
15985 2.64978 1.73508
15990 2.55861 1.86142
15995 2.63747 1.90783
16000 2.53516 1.84741
16005 2.67657 1.58522
16010 2.52564 1.81794
16015 2.65282 1.75626
16020 2.4494 1.64938
16025 2.30596 1.68493
16030 2.57153 1.78625
16035 2.57178 1.63957
16040 2.5235 1.76596
16045 2.67918 1.83347
16050 2.55528 1.68031
16055 2.67281 1.80137
16060 2.538 1.72152
16065 2.62003 1.91867
16070 2.64284 1.79449
16075 2.53778 1.77483
16080 2.6046 1.80651
16085 2.74496 1.80124
16090 2.44571 1.7475
16095 2.6015 2.07643
16100 2.71446 1.68272
16105 2.31515 1.58706
16110 2.51536 1.67995
16115 2.49019 1.61695
16120 2.48288 1.85119
16125 2.63017 1.73597
16130 2.56687 1.74091
16135 2.43639 1.61422
16140 2.46981 1.68933
16145 2.47709 1.7647
16150 2.54122 1.84601
16155 2.43959 1.67329
16160 2.43656 1.79183
16165 2.61907 1.61097
16170 2.41078 1.65201
16175 2.51306 1.63133
16180 2.42358 1.62148
16185 2.5305 1.70524
16190 2.45084 1.63905
16195 2.56748 1.80497
16200 2.68485 1.76491
16205 2.43987 1.70495
16210 2.5018 1.71141
16215 2.57021 1.67045
16220 2.42936 1.6413
16225 2.53536 1.6521
16230 2.55459 1.93968
16235 2.60526 1.78029
16240 2.575 1.65288
16245 2.50802 1.72781
16250 2.54884 1.65851
16255 2.47868 1.67458
16260 2.52885 1.79529
16265 2.56733 1.79453
16270 2.64885 1.80126
16275 2.70198 1.7379
16280 2.58493 1.87219
16285 2.54789 1.71325
16290 2.70282 1.86645
16295 2.66673 1.52957
16300 2.45893 1.71812
16305 2.59295 1.76062
16310 2.57749 1.71616
16315 2.57315 1.78998
16320 2.6678 1.74023
16325 2.60617 1.86808
16330 2.56872 1.78232
16335 2.66118 1.86575
16340 2.74936 1.77703
16345 2.54032 1.74118
16350 2.72818 1.76792
16355 2.57731 1.9801
16360 2.60544 1.78052
16365 2.56144 1.71434
16370 2.57755 1.69012
16375 2.5785 1.76705
16380 2.54902 1.69568
16385 2.55522 1.8014
16390 2.71109 1.87438
16395 2.53816 1.77718
16400 2.60257 1.7525
16405 2.46278 1.83175
16410 2.62683 1.82452
16415 2.59472 1.69558
16420 2.58994 1.75127
16425 2.51522 1.76956
16430 2.66815 1.73163
16435 2.53159 1.64017
16440 2.45907 1.5819
16445 2.51535 1.61642
16450 2.32652 1.73185
16455 2.55287 1.63045
16460 2.38608 1.6949
16465 2.49062 1.82695
16470 2.76462 1.68543
16475 2.37789 1.59847
16480 2.41624 1.94375
16485 2.67343 1.61776
16490 2.49928 1.73876
16495 2.50388 1.796
16500 2.52285 1.7235
16505 2.58451 1.82971
16510 2.6777 1.68181
16515 2.38599 1.73806
16520 2.66836 1.70495
16525 2.51822 1.81619
16530 2.49234 1.83559
16535 2.5035 1.66479
16540 2.39884 1.65656
16545 2.52435 1.6867
16550 2.38509 1.64627
16555 2.52776 1.84487
16560 2.53858 1.74346
16565 2.42921 1.70734
16570 2.48317 1.75629
16575 2.65564 1.71629
16580 2.39716 1.79947
16585 2.61105 1.68181
16590 2.46173 1.85787
16595 2.61655 1.7264
16600 2.55262 1.72285
16605 2.58923 1.83819
16610 2.61609 1.81747
16615 2.57638 1.70579
16620 2.64711 2.04648
16625 2.73924 1.6865
16630 2.44631 1.6069
16635 2.49568 1.67428
16640 2.46405 1.80404
16645 2.61809 1.54513
16650 2.50917 1.85696
16655 2.64774 1.78134
16660 2.49504 1.57059
16665 2.43241 1.63554
16670 2.56917 1.8256
16675 2.66929 1.73338
16680 2.52942 1.65502
16685 2.48222 1.85722
16690 2.63087 1.67588
16695 2.42951 1.70169
16700 2.4399 1.66754
16705 2.31458 1.73545
16710 2.51968 1.74947
16715 2.46796 1.67611
16720 2.48069 1.72393
16725 2.29399 1.51998
16730 2.41902 1.60428
16735 2.3568 1.62471
16740 2.37651 1.65244
16745 2.57284 1.98776
16750 2.67742 1.65111
16755 2.35586 1.511
16760 2.49199 1.78387
16765 2.4859 1.79584
16770 2.45908 1.56199
16775 2.3447 1.56284
16780 2.5634 1.86708
16785 2.54798 1.66007
16790 2.41114 1.84968
16795 2.64874 1.55998
16800 2.50735 1.93725
16805 2.64664 1.6555
16810 2.42428 1.87022
16815 2.71194 1.83441
16820 2.51383 1.61215
16825 2.23654 1.52901
16830 2.36788 1.63694
16835 2.4561 1.76169
16840 2.56683 1.71581
16845 2.50232 1.6368
16850 2.51319 1.60077
16855 2.29198 1.57577
16860 2.4464 1.6823
16865 2.46404 1.83172
16870 2.58895 1.84758
16875 2.75982 1.90352
16880 2.58425 1.75016
16885 2.56807 1.66499
16890 2.54214 1.83176
16895 2.47233 1.82776
16900 2.63525 1.75756
16905 2.50498 1.5746
16910 2.40306 1.92468
16915 2.65758 1.71338
16920 2.58062 1.78309
16925 2.62546 1.72561
16930 2.59379 1.71677
16935 2.56708 1.72099
16940 2.50136 1.67407
16945 2.47782 1.79471
16950 2.57056 1.63335
16955 2.50419 1.69877
16960 2.47014 1.6122
16965 2.48904 1.85166
16970 2.66317 1.73063
16975 2.50104 1.67793
16980 2.42726 1.89252
16985 2.73789 1.68738
16990 2.34396 1.74062
16995 2.5262 1.80004
17000 2.63689 1.73334
17005 2.38245 1.68912
17010 2.46276 1.72668
17015 2.60592 1.65495
17020 2.56151 1.68159
17025 2.42747 1.64653
17030 2.43036 1.65754
17035 2.6386 1.83379
17040 2.60803 1.72528
17045 2.63429 1.80661
17050 2.41888 1.67322
17055 2.43409 1.63476
17060 2.48361 1.56947
17065 2.46708 1.71429
17070 2.45924 1.66216
17075 2.67934 1.74892
17080 2.55596 1.63083
17085 2.39561 1.66097
17090 2.46948 1.77335
17095 2.60722 1.83279
17100 2.64756 1.5867
17105 2.59207 1.91409
17110 2.53899 1.69063
17115 2.55789 1.65742
17120 2.38046 1.56861
17125 2.36957 1.71354
17130 2.47391 1.5341
17135 2.38375 1.72649
17140 2.32164 1.63867
17145 2.5031 1.85741
17150 2.6658 1.73527
17155 2.719 1.89348
17160 2.66317 1.7338
17165 2.59041 1.79325
17170 2.5474 1.63797
17175 2.2618 1.59804
17180 2.50114 1.52798
17185 2.48014 1.69309
17190 2.50554 1.67104
17195 2.59345 1.65216
17200 2.42686 1.77989
17205 2.65568 1.63222
17210 2.45305 1.83528
17215 2.65019 1.74516
17220 2.58044 1.80075
17225 2.39504 1.74221
17230 2.3856 1.72153
17235 2.4516 1.60342
17240 2.53869 1.94341
17245 2.75863 1.76684
17250 2.66193 1.77405
17255 2.46047 1.77252
17260 2.55802 1.72743
17265 2.72918 2.05217
17270 2.76686 1.70397
17275 2.51536 1.69535
17280 2.46606 1.76836
17285 2.53055 1.69953
17290 2.40255 1.85154
17295 2.64308 1.68187
17300 2.33967 1.59226
17305 2.58332 1.80794
17310 2.49869 1.75683
17315 2.69105 1.77754
17320 2.48798 1.70045
17325 2.49098 1.72595
17330 2.58979 1.63029
17335 2.46198 1.72316
17340 2.59492 1.76895
17345 2.50533 1.65066
17350 2.60496 1.89094
17355 2.70213 1.7031
17360 2.45551 1.79111
17365 2.54373 1.67282
17370 2.31169 1.72404
17375 2.47303 1.73925
17380 2.63107 1.71259
17385 2.55798 1.7707
17390 2.56662 1.65252
17395 2.3946 1.52048
17400 2.27314 1.67152
17405 2.5378 1.72418
17410 2.48733 1.57177
17415 2.54216 1.64389
17420 2.43896 1.62385
17425 2.29248 1.55396
17430 2.48009 1.78569
17435 2.57411 1.69422
17440 2.34883 1.55947
17445 2.36735 1.7076
17450 2.55435 1.62987
17455 2.58771 1.80015
17460 2.52275 1.68546
17465 2.42492 1.66551
17470 2.44675 1.69846
17475 2.39854 1.50861
17480 2.44509 1.72142
17485 2.54444 1.67865
17490 2.50235 1.7551
17495 2.53997 1.73878
17500 2.41646 1.55282
17505 2.50461 1.77421
17510 2.52607 1.58089
17515 2.50923 1.81556
17520 2.64711 1.69423
17525 2.48341 1.57985
17530 2.44122 1.59636
17535 2.349 1.67293
17540 2.59505 1.79371
17545 2.63367 1.63731
17550 2.62049 1.76872
17555 2.45164 1.72728
17560 2.48356 1.60298
17565 2.44098 1.66678
17570 2.40239 1.6867
17575 2.51583 1.68757
17580 2.6143 1.82199
17585 2.43946 1.77533
17590 2.57184 1.81259
17595 2.53473 1.68971
17600 2.56978 1.64304
17605 2.50831 1.60939
17610 2.50407 1.78869
17615 2.58611 1.80673
17620 2.59054 1.71421
17625 2.50098 1.95386
17630 2.54918 1.6223
17635 2.42813 1.83147
17640 2.58677 1.96637
17645 2.61827 1.67749
17650 2.46706 1.67394
17655 2.47664 1.8415
17660 2.50755 1.65993
17665 2.36307 1.83091
17670 2.6526 1.7565
17675 2.49045 1.63425
17680 2.54986 1.7427
17685 2.60429 1.86698
17690 2.46717 1.60523
17695 2.41905 1.6721
17700 2.45812 1.65305
17705 2.42944 1.5905
17710 2.3459 1.65529
17715 2.60303 1.66733
17720 2.45932 1.62132
17725 2.4388 1.78138
17730 2.38468 1.68264
17735 2.46334 1.68154
17740 2.44744 1.5738
17745 2.32605 1.57781
17750 2.36941 1.6073
17755 2.64077 1.68202
17760 2.45908 1.52617
17765 2.47789 1.66904
17770 2.41373 1.58147
17775 2.41184 1.7775
17780 2.47468 1.72391
17785 2.47779 1.646
17790 2.53883 1.88032
17795 2.66888 1.65913
17800 2.47876 1.67682
17805 2.56379 1.77028
17810 2.57764 1.73585
17815 2.46161 1.74675
17820 2.61274 1.62837
17825 2.37861 1.68007
17830 2.4742 1.69431
17835 2.44809 1.57355
17840 2.43031 1.60132
17845 2.28576 1.72892
17850 2.45362 1.56317
17855 2.34927 1.72099
17860 2.491 1.53043
17865 2.43705 1.73494
17870 2.37491 1.76749
17875 2.6314 1.69851
17880 2.50269 1.60711
17885 2.41347 1.61347
17890 2.45445 1.76688
17895 2.55188 1.89215
17900 2.66192 1.72052
17905 2.36112 1.62238
17910 2.39695 1.63105
17915 2.37854 1.7805
17920 2.62138 1.86633
17925 2.6122 1.6006
17930 2.35683 1.64524
17935 2.40079 1.66524
17940 2.47358 1.65229
17945 2.41089 1.74346
17950 2.61126 1.97117
17955 2.55551 1.78754
17960 2.71298 1.69053
17965 2.41615 1.80178
17970 2.50323 1.838
17975 2.63974 1.81094
17980 2.48543 1.54722
17985 2.35259 1.53981
17990 2.42432 1.81449
17995 2.64427 1.80459
18000 2.72007 1.56799
18005 2.36467 1.649
18010 2.44659 1.67594
18015 2.48817 1.63986
18020 2.35255 1.57232
18025 2.34737 1.59387
18030 2.3152 1.58085
18035 2.54269 1.81107
18040 2.58512 1.69549
18045 2.43737 1.6153
18050 2.53192 1.66306
18055 2.41299 1.7177
18060 2.51924 1.62868
18065 2.50352 1.66671
18070 2.38152 1.73525
18075 2.4296 1.65508
18080 2.46344 1.79181
18085 2.51482 1.92376
18090 2.5701 1.67822
18095 2.46539 1.59992
18100 2.32513 1.65038
18105 2.40238 1.65848
18110 2.43587 1.72771
18115 2.48512 1.7062
18120 2.50458 1.69429
18125 2.59605 1.86192
18130 2.57558 1.61665
18135 2.56654 1.7529
18140 2.72504 1.67112
18145 2.37562 1.70776
18150 2.53053 1.69501
18155 2.43354 1.66875
18160 2.49089 1.8257
18165 2.5474 1.79692
18170 2.72704 1.63891
18175 2.50094 1.62936
18180 2.4495 1.72736
18185 2.49523 1.6199
18190 2.4165 1.91725
18195 2.64102 1.64543
18200 2.3268 1.72375
18205 2.63315 1.70439
18210 2.4597 1.7463
18215 2.47881 1.67561
18220 2.49451 1.69335
18225 2.41063 1.61514
18230 2.49179 1.89132
18235 2.55012 1.75053
18240 2.53538 1.56512
18245 2.40393 1.67214
18250 2.46448 1.62983
18255 2.43183 1.639
18260 2.4125 1.74114
18265 2.45878 1.60722
18270 2.4545 1.6202
18275 2.29007 1.66219
18280 2.49278 1.66901
18285 2.33107 1.50471
18290 2.32135 1.78365
18295 2.43832 1.67261
18300 2.43378 1.618
18305 2.46837 1.57825
18310 2.35028 1.78203
18315 2.59114 1.67532
18320 2.49726 1.6732
18325 2.37035 1.65719
18330 2.51893 1.68383
18335 2.4235 1.62127
18340 2.50127 1.70997
18345 2.59796 1.82734
18350 2.57301 1.77646
18355 2.49112 1.78493
18360 2.56591 1.63291
18365 2.5351 1.79842
18370 2.39055 1.70521
18375 2.43706 1.72873
18380 2.45491 1.69941
18385 2.47135 1.6618
18390 2.51353 1.71618
18395 2.44635 1.78581
18400 2.5419 1.53672
18405 2.39638 1.60087
18410 2.35102 1.60231
18415 2.48592 1.64556
18420 2.55978 1.67952
18425 2.30013 1.5066
18430 2.28085 1.61214
18435 2.31414 1.64979
18440 2.5365 1.80041
18445 2.58221 1.6304
18450 2.35389 1.64338
18455 2.42386 1.7071
18460 2.56131 1.7542
18465 2.44526 1.71695
18470 2.42065 1.76732
18475 2.43036 1.73952
18480 2.54719 1.74673
18485 2.503 1.7132
18490 2.39884 1.6006
18495 2.54917 1.72172
18500 2.52107 1.69734
18505 2.59177 1.67038
18510 2.50232 1.75575
18515 2.59201 1.7619
18520 2.65407 1.8728
18525 2.3836 1.62767
18530 2.48079 1.82293
18535 2.46588 1.67038
18540 2.45017 1.66385
18545 2.46255 1.56487
18550 2.31383 1.52152
18555 2.30874 1.6213
18560 2.50904 1.65938
18565 2.40116 1.61827
18570 2.47894 1.78363
18575 2.48722 1.74308
18580 2.5932 1.68553
18585 2.33615 1.60434
18590 2.48161 1.64148
18595 2.3643 1.6175
18600 2.4466 1.56222
18605 2.37004 1.58546
18610 2.30317 1.75104
18615 2.47565 1.51583
18620 2.41051 1.57544
18625 2.48379 1.79133
18630 2.53777 1.65659
18635 2.39066 1.71612
18640 2.48449 1.73982
18645 2.44008 1.63111
18650 2.46051 1.68911
18655 2.45235 1.69939
18660 2.50364 1.89106
18665 2.62645 1.91006
18670 2.82724 1.71536
18675 2.52052 1.79193
18680 2.63853 1.77339
18685 2.45747 1.68211
18690 2.44599 1.63152
18695 2.52546 1.77954
18700 2.53641 1.81296
18705 2.7453 1.52923
18710 2.34798 1.59956
18715 2.43286 1.85581
18720 2.61006 1.66399
18725 2.5267 1.69212
18730 2.55249 1.6005
18735 2.36619 1.75563
18740 2.5115 1.66538
18745 2.46492 1.61071
18750 2.46895 1.7619
18755 2.45529 1.76122
18760 2.51114 1.62222
18765 2.45129 1.6849
18770 2.43656 1.83098
18775 2.48528 1.65096
18780 2.50236 2.63101
18785 3.40193 1.91648
18790 2.76075 1.73296
18795 2.53017 1.85595
18800 2.65217 2.35579
18805 2.87899 2.46931
18810 2.65318 2.32295
18815 2.70233 2.43927
18820 2.91136 2.39212
18825 2.59663 2.31722
18830 2.60922 2.35217
18835 2.70491 2.20427
18840 2.71515 2.52148
18845 2.78724 2.13148
18850 2.56751 2.25144
18855 2.64313 2.61332
18860 2.85475 2.43686
18865 2.74916 2.25232
18870 2.62136 2.48866
18875 2.79148 2.32228
18880 2.68564 2.5095
18885 2.75827 2.4476
18890 2.73821 2.15911
18895 2.47615 2.19837
18900 2.59286 2.29197
18905 2.52603 2.27663
18910 2.63447 2.33016
18915 2.60244 2.38519
18920 2.66446 2.41352
18925 2.78388 2.32586
18930 2.47762 2.39279
18935 2.7094 2.25454
18940 2.62151 2.30463
18945 2.76052 2.20962
18950 2.65576 2.27977
18955 2.68088 2.37512
18960 2.65924 2.30004
18965 2.81824 2.25926
18970 2.65434 2.40548
18975 2.84789 2.3561
18980 2.57657 2.34176
18985 2.7871 2.27998
18990 2.50263 2.14798
18995 2.497 2.13347
19000 2.68832 2.34624
19005 2.67592 2.20631
19010 2.70317 2.35524
19015 2.59098 2.0829
19020 2.42093 2.21585
19025 2.60516 2.23839
19030 2.6398 2.25984
19035 2.73324 2.37702
19040 2.50194 2.32893
19045 2.70034 2.34304
19050 2.59893 2.35759
19055 2.67194 2.4021
19060 2.65032 2.21336
19065 2.49612 2.12316
19070 2.43062 2.20014
19075 2.48136 2.20422
19080 2.54103 2.21404
19085 2.51234 2.23016
19090 2.60492 2.20985
19095 2.58869 2.3454
19100 2.5388 2.25141
19105 2.52742 2.31695
19110 2.71586 2.41951
19115 2.65011 2.18731
19120 2.39455 2.03116
19125 2.49004 2.32774
19130 2.54356 2.14081
19135 2.39131 2.18315
19140 2.49149 2.17403
19145 2.52731 2.27464
19150 2.51369 2.02305
19155 2.56241 2.45715
19160 2.64427 2.21132
19165 2.5114 2.28445
19170 2.62286 2.25299
19175 2.64404 2.24683
19180 2.57342 2.18652
19185 2.52648 2.34654
19190 2.62594 2.12099
