5 9.79329 10.8161
10 10.8227 10.3557
15 10.3284 10.1103
20 10.136 9.99018
25 9.96361 9.75191
30 9.55367 9.54645
35 9.66698 9.6301
40 9.85321 9.8803
45 9.74617 9.77646
50 9.72225 9.75357
55 9.78974 9.79973
60 9.87077 9.87809
65 9.95106 9.97352
70 9.77544 9.78115
75 9.87875 9.89327
80 9.92637 9.92024
85 9.81057 9.81528
90 9.816 9.82997
95 9.82678 9.83543
100 9.76818 9.76656
105 9.85538 9.86797
110 9.92229 9.92786
115 9.89412 9.90296
120 9.98792 9.9886
125 9.82357 9.83676
130 9.87424 9.86338
135 9.83998 9.83484
140 9.77569 9.78884
145 9.86374 9.87251
150 9.91136 9.91239
155 9.93942 9.93046
160 9.90474 9.9144
165 9.95306 9.96239
170 10.0444 10.0527
175 9.95537 9.93336
180 10.0806 10.104
185 9.87023 9.86743
190 9.84548 9.8477
195 9.9758 9.97924
200 10.0665 10.068
205 10.0137 10.0234
210 10.0325 10.0397
215 10.2875 10.2802
220 9.98171 9.97429
225 10.0101 10.0174
230 9.80869 9.81378
235 9.86309 9.85802
240 10.0362 10.0353
245 10.1131 10.121
250 9.85988 9.85742
255 10.0129 10.0231
260 9.99684 9.99696
265 10.0056 10.0055
270 9.96385 9.96807
275 9.9623 9.95716
280 9.92181 9.91239
285 10.1363 10.1497
290 9.9383 9.92851
295 9.89417 9.89593
300 9.88598 9.88555
305 9.8793 9.8718
310 9.92916 9.92789
315 10.1362 10.1283
320 9.93498 9.92433
325 10.0291 10.0174
330 9.81253 9.79463
335 10.0109 9.995
340 9.90788 9.90064
345 9.86351 9.83014
350 9.96928 9.9407
355 9.95462 10.0255
360 9.88996 9.80312
365 9.86887 9.88157
370 10.108 10.0067
375 9.84653 14.0622
380 14.1172 9.97817
385 10.0702 14.5904
390 14.2025 9.95418
395 9.85827 9.76683
400 9.86402 9.79134
405 9.71345 9.71872
410 9.50924 9.54126
415 9.65145 9.60263
420 9.48496 9.52446
425 9.77521 9.6638
430 9.51494 9.66282
435 9.8061 9.64856
440 9.67874 9.74744
445 9.66165 14.6817
450 14.5405 9.70526
455 9.77632 9.76147
460 9.81738 9.60985
465 9.56424 9.84832
470 9.89097 9.74011
475 9.93296 9.96133
480 9.77238 9.84903
485 9.84457 9.89844
490 9.76564 9.77349
495 9.69313 9.63854
500 9.61232 9.61362
505 9.85198 9.88742
510 9.87401 9.82652
515 9.85109 9.8091
520 9.67149 9.77458
525 10.0159 9.91482
530 9.99039 10.1103
535 9.86907 9.88561
540 10.0744 10.3321
545 10.3656 10.4925
550 10.4408 10.4798
555 10.3665 10.2501
560 10.3822 10.9777
565 10.8162 12.4966
570 12.5819 12.1739
575 12.3639 11.9012
580 11.6457 12.3704
585 12.2716 13.2796
590 13.5259 14.4463
595 14.5774 10.3302
600 10.1765 10.1221
605 10.2168 10.2459
610 10.3101 10.4259
615 10.3948 10.3115
620 10.2016 10.0015
625 10.0926 16.1085
630 16.0935 10.2415
635 10.4034 10.4332
640 10.4379 10.4772
645 10.4041 10.4693
650 10.5049 10.5291
655 10.507 10.4936
660 10.5362 10.7417
665 10.7012 10.6928
670 10.7638 10.7771
675 10.7524 10.7079
680 10.8075 10.7037
685 10.5525 10.8021
690 10.7599 10.6141
695 10.6948 10.5839
700 10.6674 10.5257
705 10.5896 10.8563
710 10.7623 10.642
715 10.2678 10.3077
720 10.5673 10.3091
725 10.0578 16.43
730 16.4531 10.55
735 10.7534 10.6758
740 10.4289 10.5983
745 10.7963 10.7656
750 10.7451 10.6525
755 10.6657 10.6834
760 10.4828 10.4841
765 10.7105 10.7324
770 10.468 10.392
775 10.5413 10.7076
780 10.7354 10.6898
785 10.8458 10.721
790 10.6859 10.5506
795 10.5722 10.628
800 10.599 10.6075
805 10.4659 10.671
810 10.8721 10.7221
815 10.6795 10.6636
820 10.7108 10.6988
825 10.6368 10.6015
830 10.4525 10.4878
835 10.4321 10.4659
840 10.4625 10.4557
845 10.4046 10.483
850 10.5851 10.4256
855 10.6761 10.83
860 10.5096 10.2049
865 10.7695 10.885
870 10.5156 10.5448
875 10.4091 10.3978
880 10.6708 10.5295
885 10.2495 10.3774
890 10.5515 10.6057
895 10.4809 10.4877
900 10.6694 10.6019
905 10.5544 10.6711
910 10.8557 14.6461
915 14.6227 10.3535
920 10.2289 10.3614
925 10.5246 10.5742
930 10.3312 10.3113
935 10.4739 10.6139
940 10.1333 13.1999
945 13.5409 13.8277
950 14.1322 10.9836
955 10.649 10.3389
960 10.4264 13.363
965 13.4713 13.8948
970 13.9521 10.4196
975 10.4779 10.6004
980 10.5849 10.7235
985 10.3863 10.3831
990 10.5971 10.6105
995 10.669 10.6281
1000 10.8053 10.9247
1005 11.0159 12.3405
1010 12.0135 14.3814
1015 14.3117 16.6321
1020 17.2899 15.6154
1025 15.2837 10.7763
1030 10.6328 10.61
1035 10.8226 10.7794
1040 10.6438 10.6442
1045 10.8831 10.7356
1050 10.6379 10.382
1055 10.3781 10.7843
1060 10.8938 10.9428
1065 10.6636 10.6809
1070 10.7717 10.7942
1075 10.8634 10.7516
1080 10.6621 14.0042
1085 14.1937 13.0714
1090 12.9058 13.115
1095 13.3837 10.6024
1100 10.0572 10.3558
1105 10.6693 10.8139
1110 10.5715 10.4208
1115 10.3906 10.3144
1120 10.5954 10.5373
1125 10.6282 10.704
1130 10.4915 10.5977
1135 10.8075 10.6405
1140 10.5875 10.6004
1145 10.5915 10.5182
1150 10.6499 10.7408
1155 10.6956 10.1181
1160 10.2238 10.3647
1165 10.4435 10.1846
1170 10.138 10.6735
1175 10.7105 10.7328
1180 10.5612 10.0985
1185 10.1585 10.4752
1190 10.8039 10.4589
1195 10.3545 10.3447
1200 10.1724 10.0669
1205 10.2444 10.1777
1210 10.299 10.5028
1215 10.5021 10.9197
1220 10.642 10.4416
1225 10.5562 10.7453
1230 10.8625 10.8041
1235 10.7743 10.7156
1240 10.6406 10.6377
1245 10.923 13.2685
1250 12.9519 10.7086
1255 10.9506 12.9648
1260 12.759 12.1697
1265 12.394 10.7206
1270 10.523 10.9265
1275 11.0599 11.0382
1280 10.8693 10.6306
1285 10.7744 10.495
1290 10.3534 9.92869
1295 9.9279 10.4794
1300 10.6318 10.6793
1305 10.7686 10.4236
1310 10.5908 11.0201
1315 11.0211 10.3253
1320 10.2304 10.3699
1325 10.5779 10.7117
1330 10.7306 10.6696
1335 10.7307 11.0772
1340 11.2599 11.1639
1345 10.791 11.1437
1350 11.2211 10.8362
1355 11.1026 11.0592
1360 11.0869 11.094
1365 11.25 11.7954
1370 11.5145 10.8223
1375 11.1904 11.9697
1380 11.9108 12.5856
1385 12.797 12.9171
1390 13.0683 13.8928
1395 13.6603 13.279
1400 13.5001 12.545
1405 12.5733 12.1192
1410 12.1508 14.0893
1415 14.3709 12.2404
1420 12.0957 12.7183
1425 13.042 13.02
1430 13.0673 12.5565
1435 12.5727 12.0972
1440 12.4509 11.6617
1445 11.6976 12.9116
1450 12.8999 11.6996
1455 12.0704 12.4132
1460 11.9954 11.0037
1465 11.4169 11.5427
1470 11.3193 11.9035
1475 12.2794 11.7419
1480 12.1582 11.2926
1485 11.6358 11.6822
1490 11.363 11.6666
1495 12.0204 12.058
1500 12.1983 11.1833
1505 11.1696 12.3098
1510 12.8914 12.4175
1515 12.4026 12.9363
1520 12.6902 11.622
1525 12.1025 12.1141
1530 12.5613 11.9232
1535 12.0077 12.3981
1540 12.509 12.4206
1545 12.5292 12.5784
1550 13.1977 12.4443
1555 12.2985 12.2702
1560 12.7361 11.0401
1565 10.9126 11.6441
1570 12.2307 11.8719
1575 11.6781 11.6742
1580 11.7207 11.9058
1585 12.251 11.5513
1590 11.5714 11.8536
1595 11.9637 11.5954
1600 11.6681 11.7403
1605 11.9096 11.1765
1610 11.6023 12.7369
1615 12.9186 11.2416
1620 11.1909 11.6009
1625 12.0491 10.2437
1630 10.672 11.3981
1635 11.4954 11.5989
1640 12.0081 11.0878
1645 11.1215 11.2459
1650 12.0259 11.6089
1655 11.4226 12.2725
1660 12.6776 11.3191
1665 11.2187 11.0925
1670 11.5744 10.8219
1675 10.9171 11
1680 11.0942 11.4228
1685 11.3794 10.7296
1690 11.2934 11.4071
1695 11.4699 10.772
1700 10.9343 11.4756
1705 11.6532 9.85857
1710 10.7353 11.7177
1715 11.763 11.3669
1720 11.4746 10.8955
1725 11.2818 13.1747
1730 13.158 10.1986
1735 10.7075 10.2987
1740 10.6693 11.945
1745 12.0623 10.1042
1750 10.7594 11.5363
1755 11.8855 11.9869
1760 12.1321 9.49257
1765 9.98819 10.1847
1770 10.789 10.5271
1775 10.9415 11.1024
1780 11.0837 10.1666
1785 11.0532 9.72892
1790 10.0583 9.50415
1795 9.77778 10.5641
1800 10.8759 10.7148
1805 11.0945 10.4115
1810 10.8301 11.3172
1815 11.4112 11.2499
1820 11.0766 11.4613
1825 11.8661 9.98329
1830 10.3765 10.6111
1835 11.0662 11.9803
1840 12.16 10.8473
1845 11.1156 12.8771
1850 13.2131 10.6568
1855 10.8793 10.9578
1860 11.407 10.4746
1865 11.1299 10.4753
1870 10.9212 11.2954
1875 11.945 11.6468
1880 11.6614 10.7112
1885 11.3687 11.9081
1890 12.2088 9.46689
1895 9.6526 9.53474
1900 10.2846 10.0869
1905 10.3894 10.5178
1910 10.9028 9.80957
1915 10.5342 9.59615
1920 10.0952 10.2252
1925 10.5275 10.5813
1930 10.9739 9.69758
1935 10.179 9.80844
1940 10.5791 9.77472
1945 10.3134 10.8262
1950 10.8874 8.87094
1955 9.61946 8.5483
1960 9.209 9.11421
1965 9.5853 9.66083
1970 10.1841 10.0653
1975 10.7752 9.75607
1980 9.7332 9.3694
1985 10.5975 10.6844
1990 10.6689 11.9168
1995 12.6227 10.9716
2000 10.9928 11.9534
2005 12.5143 11.5908
2010 12.4751 13.0451
2015 13.4875 12.1019
2020 11.9515 10.6924
2025 11.5237 11.7016
2030 12.3235 9.33848
2035 9.93198 11.1951
2040 11.5066 9.30904
2045 10.1243 10.5217
2050 11.0443 9.23201
2055 10.184 10.5111
2060 10.7911 9.44152
2065 10.2769 12.5663
2070 13.1644 10.4045
2075 10.9884 9.91456
2080 10.6167 11.3956
2085 12.0841 11.2278
2090 12.1088 9.94005
2095 10.1908 10.2046
2100 10.5093 10.0416
2105 10.6893 10.7346
2110 11.3719 8.25101
2115 8.97079 9.55007
2120 10.3241 11.0512
2125 12.0252 11.6943
2130 12.1209 11.8474
2135 12.2755 10.5003
2140 10.7765 11.3215
2145 12.0422 12.4663
2150 13.2683 10.1212
2155 10.7952 12.6617
2160 12.6553 12.9983
2165 13.5911 13.5256
2170 14.0998 10.2776
2175 10.376 10.4741
2180 10.8093 10.1965
2185 10.3231 10.2939
2190 11.0456 11.3875
2195 11.9828 10.5372
2200 11.449 10.8087
2205 10.9951 11.3342
2210 11.6527 9.96203
2215 10.8281 10.1138
2220 10.6244 10.6781
2225 11.1134 10.7117
2230 11.4314 9.30096
2235 10.469 11.4778
2240 11.7809 11.2465
2245 11.6763 11.557
2250 12.1759 9.43042
2255 10.1471 8.65934
2260 9.33576 10.8236
2265 11.243 11.4841
2270 12.1295 9.68469
2275 10.4282 11.2463
2280 11.8944 9.36992
2285 10.4284 9.76848
2290 10.5518 9.97409
2295 10.6984 10.535
2300 11.0244 9.33995
2305 10.3886 9.15594
2310 10.0015 10.4362
2315 11.2137 10.2088
2320 10.906 12.0343
2325 12.6191 9.79741
2330 10.515 13.0077
2335 13.4943 9.60356
2340 10.6948 9.58197
2345 10.2114 9.77448
2350 10.0326 8.19768
2355 9.24443 8.72481
2360 9.43238 9.48299
2365 10.6506 10.6079
2370 10.9521 8.61921
2375 9.3068 9.45412
2380 10.4834 8.69232
2385 9.62562 11.9897
2390 12.8054 8.34252
2395 8.93047 9.10322
2400 10.2534 9.60352
2405 10.3678 9.47477
2410 10.5207 8.64317
2415 9.64587 8.79768
2420 9.85094 9.36391
2425 9.91842 8.25815
2430 9.03157 9.55508
2435 10.4572 8.64715
2440 9.19411 8.99151
2445 9.53602 9.1383
2450 10.006 8.44429
2455 9.42449 8.56944
2460 9.31043 8.60883
2465 9.66729 9.2444
2470 10.3655 10.3364
2475 10.88 8.71141
2480 9.40659 10.114
2485 11.0116 9.47705
2490 10.3047 9.60822
2495 10.6366 10.9032
2500 11.7863 8.49588
2505 9.24728 10.4269
2510 11.1262 9.14522
2515 10.2124 9.42846
2520 10.1123 10.7325
2525 11.6822 9.52407
2530 10.6236 9.20338
2535 9.91754 10.2018
2540 10.9152 10.7302
2545 11.8825 10.113
2550 10.7592 11.6969
2555 12.2559 9.80004
2560 10.7733 8.67299
2565 9.67885 8.03311
2570 8.85114 9.48122
2575 10.204 7.7087
2580 8.69273 10.8647
2585 11.6846 9.2336
2590 9.80348 8.88237
2595 10.1856 10.5056
2600 11.2457 9.12898
2605 9.94048 7.92827
2610 9.03584 8.82405
2615 9.84093 9.74658
2620 10.5418 7.27784
2625 8.83033 7.62072
2630 8.96318 7.751
2635 8.36615 7.77415
2640 9.06519 8.49056
2645 9.37001 8.90659
2650 9.7662 11.8096
2655 12.8929 9.94179
2660 10.6698 8.17174
2665 9.08674 7.09522
2670 8.10273 9.11674
2675 10.5137 9.00663
2680 9.67596 9.22345
2685 10.5989 9.22451
2690 10.3424 8.29042
2695 9.5735 9.08871
2700 9.75472 8.82937
2705 9.75284 7.57593
2710 8.43358 9.92469
2715 10.7979 9.46681
2720 10.5592 9.64793
2725 10.2165 9.24209
2730 9.98138 9.01015
2735 9.9657 7.59013
2740 8.5584 8.81397
2745 9.60278 7.26772
2750 8.23927 8.27397
2755 9.47172 7.41686
2760 8.80668 8.95279
2765 9.81748 9.08147
2770 9.8589 7.08635
2775 8.15117 8.47692
2780 9.89623 7.78899
2785 8.77725 8.89975
2790 9.78125 11.0543
2795 12.0998 9.70735
2800 10.205 8.169
2805 9.29388 8.67232
2810 9.86318 10.5853
2815 11.3925 9.30184
2820 10.1343 9.25198
2825 10.2052 8.51078
2830 9.53792 8.38814
2835 9.49121 8.43781
2840 9.36079 8.93572
2845 9.90821 8.07819
2850 8.89818 8.62747
2855 9.60775 7.17711
2860 8.18288 8.50813
2865 9.10135 7.34719
2870 8.82937 7.86639
2875 9.14342 9.61512
2880 10.4163 7.22031
2885 8.61712 6.55514
2890 7.92807 8.62492
2895 10.1351 8.21585
2900 9.09788 8.12907
2905 9.25688 9.0583
2910 9.84791 8.12299
2915 9.32955 8.05373
2920 9.42791 7.61286
2925 8.74262 9.94682
2930 10.8698 8.75346
2935 9.77789 8.12115
2940 8.88788 8.64242
2945 9.89985 9.52837
2950 10.4272 9.37773
2955 10.1706 8.98858
2960 9.8993 8.55836
2965 9.53287 8.97265
2970 9.83743 7.64714
2975 9.1111 8.83116
2980 9.47273 7.68319
2985 8.59945 7.05673
2990 8.55587 7.19166
2995 8.1065 7.76122
3000 9.47617 8.57027
3005 9.43757 7.08596
3010 8.27081 8.04539
3015 8.97253 6.89265
3020 8.4272 8.84582
3025 9.81414 8.15932
3030 9.25866 7.76262
3035 9.35255 9.02788
3040 9.69612 8.47548
3045 9.34424 8.60327
3050 10.0227 7.42705
3055 8.76091 8.00885
3060 9.07737 9.53003
3065 10.5339 8.96121
3070 9.88806 8.51827
3075 9.50387 9.02667
3080 10.073 7.48639
3085 8.73341 10.1122
3090 10.6172 8.18842
3095 9.3278 8.11443
3100 9.1515 8.56148
3105 9.81913 8.86517
3110 9.81171 8.32947
3115 9.17533 7.17172
3120 8.39191 8.68241
3125 9.84396 7.03295
3130 8.08782 7.57019
3135 8.78183 8.8095
3140 9.75222 8.67615
3145 9.7626 8.83387
3150 9.54126 8.56801
3155 9.80019 6.73369
3160 7.69573 7.1247
3165 8.34188 7.67845
3170 8.67238 6.48256
3175 7.80023 7.28302
3180 8.20292 7.5087
3185 8.87182 8.66104
3190 9.53587 7.53551
3195 8.6772 7.49644
3200 8.10039 7.60786
3205 8.87736 8.43281
3210 9.26972 7.78475
3215 8.6833 7.805
3220 9.10227 6.80545
3225 7.85275 7.603
3230 8.47211 7.63397
3235 8.43995 6.13294
3240 7.74941 7.79995
3245 8.92934 7.31809
3250 8.50391 6.16195
3255 7.73457 7.18449
3260 8.03741 6.3807
3265 8.39943 7.89521
3270 8.93382 6.61308
3275 7.95154 7.17169
3280 8.46247 7.12461
3285 7.98552 6.73631
3290 8.70439 7.29883
3295 8.60148 7.10091
3300 7.834 7.77617
3305 8.93483 9.05723
3310 9.96773 7.63028
3315 9.0191 7.30471
3320 8.24613 6.81814
3325 8.29022 7.16957
3330 8.27045 7.40538
3335 8.40928 8.12581
3340 9.14808 8.22275
3345 9.36425 8.10651
3350 9.36654 8.1493
3355 9.09393 7.17213
3360 8.10979 7.57611
3365 8.22326 6.95425
3370 8.05248 6.35161
3375 7.70695 7.74611
3380 8.66188 8.26093
3385 9.42517 7.84279
3390 9.05758 6.66376
3395 7.88091 7.38491
3400 8.3335 8.0597
3405 9.12042 8.15366
3410 9.3924 6.92853
3415 8.0954 6.55563
3420 7.51524 6.31079
3425 7.64865 7.72515
3430 8.84184 6.88531
3435 7.75137 6.01801
3440 7.13064 6.42115
3445 7.70678 7.63007
3450 9.16611 8.08992
3455 8.82579 6.76039
3460 7.78984 7.47113
3465 8.38078 6.28542
3470 7.45815 7.29287
3475 8.45902 7.99744
3480 8.79034 5.79411
3485 7.34254 7.30032
3490 8.41093 5.95438
3495 7.04339 6.44501
3500 8.02389 7.49186
3505 8.58669 6.52791
3510 7.52378 7.23066
3515 8.2514 7.61046
3520 8.75712 7.96633
3525 8.89047 6.49777
3530 7.31467 6.87661
3535 8.01122 6.4496
3540 8.12227 6.18631
3545 7.39294 6.55223
3550 7.73608 7.40053
3555 8.674 6.27192
3560 7.65172 7.03306
3565 7.80475 6.72265
3570 7.8847 6.90448
3575 7.70286 7.48174
3580 8.5728 6.83983
3585 7.96136 7.21121
3590 8.4848 6.47517
3595 7.71862 7.15878
3600 8.39869 7.30397
3605 8.33673 8.97994
3610 9.5776 6.74285
3615 8.00666 8.45216
3620 9.63453 8.97401
3625 9.83199 6.98924
3630 7.95932 8.7264
3635 9.74171 7.67738
3640 8.6794 8.2905
3645 9.74611 8.77865
3650 9.53156 6.23182
3655 7.88523 6.45099
3660 7.70183 8.13674
3665 8.7218 6.7143
3670 7.76917 7.73125
3675 8.82382 6.99931
3680 8.15974 6.61248
3685 7.87728 7.05271
3690 8.29058 7.25493
3695 8.09841 6.26437
3700 7.25732 7.01748
3705 8.52181 6.18384
3710 7.40543 6.17424
3715 7.55461 6.45556
3720 7.60134 6.94675
3725 8.1663 6.0337
3730 7.18397 5.67878
3735 6.92207 7.52095
3740 8.97496 6.60322
3745 7.32966 6.11636
3750 7.34436 6.8697
3755 7.80045 7.14546
3760 8.10292 5.95916
3765 7.39797 5.85875
3770 7.21649 7.32357
3775 8.33021 6.19584
3780 7.15066 5.69098
3785 7.22774 7.31659
3790 8.22674 6.49098
3795 7.47396 6.09749
3800 6.91844 7.30709
3805 8.19035 6.07406
3810 7.47579 5.47184
3815 7.05153 5.5267
3820 6.35138 6.17661
3825 7.79315 6.63084
3830 7.47909 6.28807
3835 7.48318 6.28754
3840 7.38694 5.61695
3845 7.00263 6.60181
3850 7.4302 7.68435
3855 8.4642 6.38643
3860 7.74082 7.12675
3865 8.04242 6.67987
3870 7.95035 6.90715
3875 7.59985 6.92647
3880 8.00029 6.85192
3885 7.51405 6.06987
3890 7.43872 6.61629
3895 7.58183 6.52178
3900 7.70798 6.89509
3905 7.93392 6.66506
3910 7.69471 7.35539
3915 8.40692 6.31896
3920 7.64805 6.56397
3925 7.69065 7.45406
3930 8.40215 6.39052
3935 7.60916 7.42271
3940 8.52832 6.32804
3945 7.39873 5.40238
3950 6.89915 6.2494
3955 7.59529 7.23621
3960 7.92972 6.53492
3965 7.93205 6.47688
3970 7.28368 5.16136
3975 6.66888 5.88634
3980 7.48961 6.59282
3985 7.40107 6.18283
3990 7.51217 5.39039
3995 6.60501 6.5582
4000 7.38391 5.77158
4005 7.17481 6.68352
4010 7.78582 6.27901
4015 7.08818 5.87856
4020 7.53785 6.63216
4025 7.62867 5.6426
4030 6.95599 5.9541
4035 7.09258 7.02127
4040 8.11917 7.6832
4045 8.96823 7.39621
4050 8.2201 7.3412
4055 8.24645 5.05257
4060 6.66147 6.67444
4065 7.43032 7.43136
4070 8.53576 7.32142
4075 8.37438 7.66565
4080 8.30059 6.16055
4085 7.44653 7.54372
4090 8.62068 7.9824
4095 8.54572 6.40996
4100 7.82757 5.26897
4105 6.72984 6.43134
4110 7.54413 6.55262
4115 7.52055 7.29879
4120 8.59452 6.17972
4125 7.61331 6.3925
4130 7.50287 6.02588
4135 7.4427 6.2115
4140 7.20037 6.51515
4145 7.63963 6.38898
4150 7.50217 8.3105
4155 9.29605 6.72214
4160 8.07016 5.99773
4165 7.0111 6.24228
4170 7.37482 6.98061
4175 7.88272 6.84643
4180 7.76559 5.23133
4185 6.53735 5.74088
4190 6.426 6.42328
4195 7.63195 6.16741
4200 6.88457 6.38962
4205 7.57153 6.42906
4210 7.87731 6.84313
4215 7.68645 6.62409
4220 7.53005 5.79066
4225 6.63569 6.04194
4230 7.11983 5.36189
4235 6.79361 5.39742
4240 6.70912 5.57518
4245 6.72379 6.34283
4250 7.65874 7.52912
4255 8.55238 9.20027
4260 9.9267 5.36499
4265 6.75001 5.65081
4270 7.06208 6.10527
4275 7.42605 6.88454
4280 7.94073 5.49372
4285 6.91441 7.02857
4290 7.92108 5.91626
4295 7.44135 6.33899
4300 7.01017 5.44574
4305 6.49434 5.26212
4310 6.57203 5.49023
4315 6.76841 6.33696
4320 7.31198 5.72848
4325 6.94174 5.87373
4330 7.0157 6.89907
4335 8.22985 8.33612
4340 9.13602 6.38866
4345 7.52713 6.78908
4350 7.89806 6.99231
4355 8.12627 6.52616
4360 7.75348 5.86791
4365 6.9337 6.01384
4370 7.49079 7.4126
4375 8.1606 7.58888
4380 8.80639 6.04468
4385 7.11363 8.13219
4390 8.8819 6.03395
4395 7.47554 7.28582
4400 7.96083 5.90093
4405 7.61739 6.64368
4410 7.55169 5.90504
4415 6.87376 6.17772
4420 7.40058 6.20803
4425 6.9728 5.72625
4430 7.15182 6.84888
4435 7.71725 7.26051
4440 8.31106 6.35096
4445 7.14661 6.04041
4450 7.27637 5.95539
4455 7.23407 5.62277
4460 7.02741 5.31424
4465 6.63277 5.8304
4470 6.69777 5.40527
4475 6.7239 6.36711
4480 7.27013 6.07485
4485 7.263 5.47913
4490 6.49406 5.40308
4495 6.56528 6.94057
4500 8.10623 5.33825
4505 6.56474 5.23972
4510 6.40648 5.90589
4515 7.30323 6.32093
4520 7.24333 5.55197
4525 6.84198 6.02042
4530 7.0264 5.52415
4535 6.94647 5.6193
4540 7.05195 5.07416
4545 6.36623 5.35091
4550 6.86296 4.99535
4555 6.28145 6.85436
4560 7.74761 6.59458
4565 7.28051 6.85088
4570 8.12739 6.32668
4575 7.39157 6.67269
4580 7.4427 5.95033
4585 7.30497 5.47505
4590 6.57866 5.70533
4595 6.99417 6.91033
4600 7.68488 5.95749
4605 6.78692 4.92155
4610 6.24428 6.16324
4615 7.35093 6.15069
4620 7.11386 5.77826
4625 7.06321 6.84199
4630 7.87953 6.27415
4635 7.25871 6.38327
4640 7.30418 7.20968
4645 8.23743 6.14972
4650 7.56095 6.14246
4655 7.18551 5.93117
4660 6.8087 5.77537
4665 6.93162 5.93431
4670 7.42164 7.28659
4675 8.01323 5.71333
4680 6.52719 6.49539
4685 7.52714 6.61425
4690 7.55331 5.77062
4695 6.53185 5.90278
4700 7.11314 5.92664
4705 7.13194 7.05489
4710 7.77629 5.06175
4715 6.73249 6.98458
4720 7.51759 5.86427
4725 7.21385 6.96445
4730 7.76974 5.46443
4735 6.37709 6.81657
4740 8.0962 5.98263
4745 6.85194 5.16726
4750 6.499 6.56242
4755 7.45664 7.40297
4760 8.25702 6.33551
4765 7.2793 6.14144
4770 7.25099 5.3962
4775 6.90038 5.69885
4780 6.90847 6.34094
4785 7.26308 7.37468
4790 7.85186 6.33899
4795 7.2554 5.93855
4800 7.08743 6.50814
4805 7.32151 6.04198
4810 7.37394 6.45505
4815 7.28015 5.63418
4820 6.65527 5.75813
4825 6.55359 5.49337
4830 6.53562 6.70684
4835 7.95909 7.20579
4840 8.01484 5.73921
4845 6.78459 6.51112
4850 7.26252 6.48145
4855 7.65558 5.63138
4860 6.57343 7.5085
4865 8.34264 4.89444
4870 6.10267 6.36078
4875 7.34845 5.34038
4880 6.22948 5.568
4885 6.491 5.61567
4890 6.87133 6.22419
4895 7.30173 5.35791
4900 6.26074 5.85174
4905 6.73569 6.51832
4910 7.44304 5.76747
4915 7.11049 5.89838
4920 6.81165 6.34893
4925 7.37873 5.97412
4930 6.67289 5.75817
4935 7.04056 5.98964
4940 7.04232 4.87127
4945 5.77712 6.53376
4950 7.13604 5.92266
4955 7.25106 6.01519
4960 6.91865 5.45375
4965 6.69848 5.32849
4970 6.56114 5.74828
4975 6.69556 4.74012
4980 5.84314 5.90834
4985 6.69144 5.92067
4990 6.75221 5.0444
4995 5.99859 5.56402
5000 6.55612 5.55532
5005 6.35227 5.57015
5010 6.53524 5.17769
5015 6.28839 5.90997
5020 6.95847 5.21646
5025 6.34462 4.99791
5030 6.26449 5.64683
5035 6.89344 5.55883
5040 6.44873 4.93196
5045 6.00837 5.08267
5050 6.18548 5.69847
5055 6.69881 6.17654
5060 6.89722 5.72237
5065 6.84411 5.8836
5070 7.0561 5.9693
5075 6.78577 5.4311
5080 6.79284 5.83737
5085 6.84183 5.72695
5090 6.66974 4.70569
5095 5.81898 5.29487
5100 6.48296 5.72965
5105 6.9125 5.60451
5110 6.47536 5.02139
5115 6.31791 5.69876
5120 6.86565 5.54538
5125 6.52513 6.88902
5130 7.35505 5.60714
5135 6.76731 5.60172
5140 6.35281 5.72017
5145 6.97782 5.42572
5150 6.32805 5.43357
5155 6.84452 5.70304
5160 6.59401 6.54437
5165 7.41067 5.94642
5170 7.15524 5.32144
5175 6.33208 6.21979
5180 7.23175 5.62371
5185 6.47949 5.98487
5190 6.49597 5.7134
5195 6.93214 5.91919
5200 6.95514 6.31931
5205 7.36827 6.41886
5210 7.43717 6.30986
5215 7.29367 6.21727
5220 7.20309 5.54444
5225 6.55258 6.08351
5230 7.56898 5.4928
5235 6.53301 6.45426
5240 7.38417 6.00566
5245 6.72725 5.78416
5250 6.9622 5.50477
5255 6.68542 5.01517
5260 5.97126 5.39817
5265 6.03725 6.09461
5270 7.19985 5.20158
5275 6.34298 6.18959
5280 7.32165 5.95252
5285 6.74258 6.4552
5290 7.27079 5.78324
5295 6.45306 5.42794
5300 6.53538 4.14281
5305 5.14266 5.8697
5310 6.83189 5.1527
5315 6.39402 5.76752
5320 6.53106 5.95045
5325 7.02769 6.43968
5330 7.32641 5.58268
5335 6.53928 5.17983
5340 6.26367 5.53534
5345 6.82111 5.59704
5350 6.27298 4.99938
5355 6.0884 5.02031
5360 5.9006 5.04388
5365 6.09168 4.98467
5370 6.18115 5.19286
5375 6.25197 5.81476
5380 6.77073 5.72938
5385 6.79559 4.78149
5390 5.74494 5.36788
5395 6.59826 6.14678
5400 7.03995 5.36716
5405 6.23868 6.31165
5410 7.22021 5.90351
5415 6.50206 6.39405
5420 7.37961 5.53783
5425 6.59474 5.06866
5430 6.41366 5.63587
5435 6.40753 5.71527
5440 6.52854 5.8757
5445 6.83526 5.72781
5450 6.8383 6.79677
5455 7.36842 4.7753
5460 5.83009 5.50183
5465 6.82894 5.33721
5470 6.24561 6.13441
5475 6.97839 5.63351
5480 6.73832 5.71977
5485 6.77615 6.04702
5490 6.89635 5.48627
5495 6.62791 5.61876
5500 6.71931 7.47922
5505 8.25252 6.62779
5510 7.41765 5.35569
5515 6.37055 6.07985
5520 6.94162 5.4949
5525 6.36902 6.54738
5530 7.76289 5.45221
5535 6.54571 5.1582
5540 6.18056 5.28638
5545 6.52794 5.32566
5550 6.48533 5.63128
5555 6.9041 6.08974
5560 6.76037 5.83367
5565 6.54167 6.1853
5570 6.94014 5.1913
5575 6.17198 5.71352
5580 6.85031 6.12025
5585 7.11919 5.48008
5590 6.18015 5.25269
5595 6.09139 4.74286
5600 6.10606 6.46748
5605 6.90857 5.53772
5610 6.4621 6.54544
5615 7.31151 5.61711
5620 6.77963 6.29269
5625 7.49107 5.04107
5630 5.78431 5.19359
5635 6.04816 5.28544
5640 6.25347 7.21755
5645 7.95755 6.13465
5650 7.36878 5.21584
5655 6.3418 5.30828
5660 6.4137 6.21255
5665 6.80219 5.96774
5670 7.1983 5.5444
5675 6.43958 5.1908
5680 5.95922 5.00086
5685 5.96077 5.13476
5690 6.21573 5.41424
5695 6.52908 5.53757
5700 6.55069 4.56345
5705 5.59895 4.95746
5710 5.96066 4.86056
5715 6.01263 5.51128
5720 6.3815 5.32795
5725 6.28912 6.40152
5730 7.09781 5.18345
5735 6.23951 5.54824
5740 6.52043 5.9676
5745 6.7521 5.37224
5750 6.21352 5.29307
5755 6.50749 5.72311
5760 6.63645 5.56207
5765 6.72494 5.35784
5770 6.26756 4.55351
5775 5.73456 5.41059
5780 6.28515 6.09616
5785 7.08277 5.51106
5790 6.6958 5.07179
5795 5.97725 4.93083
5800 5.71211 5.12438
5805 6.33404 6.28139
5810 7.15058 5.29818
5815 6.31997 4.65456
5820 5.73986 5.56475
5825 6.38917 5.66975
5830 6.54886 7.01485
5835 8.31347 7.28487
5840 8.2653 5.3738
5845 6.25134 5.15499
5850 6.34461 6.154
5855 7.25948 5.59628
5860 6.5081 5.63559
5865 6.41066 5.74073
5870 6.49979 5.71177
5875 6.87008 5.44992
5880 6.26207 5.06552
5885 5.89729 5.2419
5890 6.24853 5.03725
5895 5.79386 5.64414
5900 6.69482 5.40562
5905 6.35235 4.97801
5910 5.74261 5.12602
5915 6.42475 5.67977
5920 6.36129 5.25172
5925 6.52508 5.23599
5930 6.05724 5.25188
5935 6.15584 5.22207
5940 6.07818 5.00436
5945 5.81129 5.1341
5950 6.2435 4.54736
5955 5.62844 4.56404
5960 5.6305 4.24745
5965 5.22345 5.31363
5970 6.49994 5.32657
5975 6.31153 5.95068
5980 6.47761 5.04074
5985 6.16726 5.72745
5990 6.60677 4.80186
5995 5.58645 5.12558
6000 6.33451 5.59949
6005 6.06687 4.638
6010 5.60558 3.71621
6015 5.05257 5.5396
6020 6.36811 5.09463
6025 5.88236 4.5892
6030 5.67959 4.81172
6035 5.63649 5.46038
6040 6.22867 4.95542
6045 5.88943 4.47685
6050 5.37175 4.23035
6055 5.55992 4.24065
6060 5.44735 4.05861
6065 5.11082 4.60943
6070 5.98266 5.28005
6075 6.25162 4.41258
6080 5.60744 4.93835
6085 5.60851 4.99311
6090 6.13244 4.75853
6095 5.74704 4.02792
6100 5.23889 5.59051
6105 6.3842 5.04136
6110 5.78034 6.09439
6115 7.0683 5.02003
6120 5.95413 4.60879
6125 5.7466 5.21234
6130 6.19735 5.38727
6135 5.98404 5.82969
6140 6.86257 5.09094
6145 6.09729 5.49048
6150 6.42613 6.54828
6155 7.13434 3.97454
6160 5.35843 4.68388
6165 5.91047 5.26647
6170 6.03353 4.5944
6175 5.79443 6.16652
6180 6.89785 4.68961
6185 5.80405 5.16673
6190 6.04646 4.92939
6195 5.97458 4.51175
6200 5.61877 4.30405
6205 5.45036 5.10596
6210 5.99838 4.78941
6215 5.5187 4.11076
6220 5.13533 5.16087
6225 6.2345 5.324
6230 6.27295 4.65526
6235 5.49933 5.28915
6240 6.09255 4.45808
6245 5.8217 5.68565
6250 6.59758 4.87465
6255 5.7801 4.47053
6260 5.47667 4.62849
6265 5.73977 5.31432
6270 6.57167 5.41479
6275 6.1721 5.04556
6280 6.1797 5.98682
6285 6.85126 4.33397
6290 5.25884 4.24721
6295 5.42062 4.72269
6300 5.61888 4.75441
6305 5.86277 4.50682
6310 5.59025 5.88147
6315 6.54441 4.38132
6320 5.42601 4.81968
6325 5.59221 4.15249
6330 5.47195 4.96034
6335 5.77355 5.00476
6340 5.84647 5.30486
6345 6.25699 4.95577
6350 5.99159 4.65036
6355 5.84657 4.82741
6360 5.8529 6.47007
6365 7.22831 4.34357
6370 5.39669 4.96615
6375 5.72214 4.65076
6380 5.67306 5.14003
6385 5.97903 4.87108
6390 5.72998 4.08578
6395 5.07225 4.79976
6400 6.03509 4.46458
6405 5.43592 4.31741
6410 5.07961 3.96394
6415 4.92668 4.52024
6420 5.83689 4.33522
6425 5.09216 5.32859
6430 6.14165 5.02689
6435 6.12002 4.60731
6440 5.41168 4.63472
6445 5.54609 4.52347
6450 5.56843 3.98956
6455 5.04815 4.80727
6460 5.68192 4.14225
6465 5.24722 4.1097
6470 4.7838 4.76607
6475 5.77767 5.08269
6480 6.11009 5.29711
6485 6.18718 4.73343
6490 5.76187 4.18522
6495 5.08654 4.41957
6500 5.24137 4.55991
6505 5.67726 4.27127
6510 5.12166 4.02909
6515 5.18447 4.62479
6520 5.536 3.97216
6525 5.01803 3.52314
6530 4.96554 4.25305
6535 5.22921 4.07913
6540 5.25638 4.39294
6545 5.43413 4.08339
6550 5.07925 4.56849
6555 5.78338 4.89246
6560 5.79337 5.81481
6565 6.72836 5.0856
6570 6.17843 5.40546
6575 6.21594 4.41786
6580 5.23799 4.03627
6585 5.05034 4.41168
6590 5.38911 4.01587
6595 5.12876 3.78246
6600 5.18581 4.51943
6605 5.58707 4.77682
6610 5.64981 4.77338
6615 5.56909 4.03767
6620 5.0782 4.60336
6625 5.58027 3.20741
6630 4.30483 4.14508
6635 5.1081 3.66408
6640 5.27378 3.96613
6645 5.06805 4.39747
6650 5.67119 4.3442
6655 5.14274 3.94063
6660 5.02159 4.44258
6665 5.45288 4.80716
6670 5.60417 4.48812
6675 5.2003 3.72853
6680 4.89582 4.89103
6685 5.65494 4.30764
6690 5.66728 3.93474
6695 5.02286 4.14221
6700 4.87309 4.27319
6705 5.35328 4.64748
6710 5.71812 4.75922
6715 5.49026 3.94106
6720 4.96181 3.91876
6725 4.92747 3.90743
6730 4.96545 3.83798
6735 5.08521 5.09124
6740 5.95189 4.67044
6745 5.41385 3.64099
6750 4.86548 4.40056
6755 5.31875 4.22261
6760 5.18962 4.10846
6765 5.06255 3.58018
6770 4.74857 4.23444
6775 5.1959 3.86152
6780 4.81474 4.29973
6785 5.33402 5.23615
6790 6.06631 4.22608
6795 5.42003 4.353
6800 5.14389 4.44809
6805 5.49996 4.27013
6810 5.34256 3.86833
6815 4.98129 4.14749
6820 5.2068 4.17812
6825 5.19457 4.74104
6830 5.71369 4.28711
6835 5.39803 4.43507
6840 5.71519 3.99059
6845 4.86977 3.64547
6850 4.77443 4.19366
6855 4.92559 3.56029
6860 4.90879 3.93416
6865 5.01709 3.88188
6870 5.0406 4.28861
6875 5.18863 3.87121
6880 5.08847 4.39647
6885 5.50943 4.15511
6890 5.29772 4.32873
6895 5.34588 4.21772
6900 5.20348 3.93929
6905 5.06211 3.86056
6910 4.84045 4.64282
6915 5.09874 3.36098
6920 4.78658 4.43074
6925 5.30699 3.94012
6930 4.82098 3.73433
6935 4.87784 3.88286
6940 4.98416 4.25377
6945 5.13989 4.81578
6950 5.73348 4.77817
6955 5.53287 5.29011
6960 6.08149 4.01867
6965 5.0636 4.03007
6970 5.11239 4.40112
6975 5.35645 4.22849
6980 4.94755 3.68846
6985 4.53141 3.41799
6990 4.44538 3.41322
6995 4.79457 4.40656
7000 5.09352 4.41347
7005 5.48386 4.98064
7010 5.90992 4.38026
7015 5.11562 3.90709
7020 5.02881 3.78082
7025 4.73602 3.64492
7030 4.8106 3.27357
7035 4.89038 4.6576
7040 5.5524 4.36362
7045 5.17668 4.01165
7050 5.01815 3.88987
7055 4.97828 4.08522
7060 4.98872 3.78451
7065 4.94216 4.19986
7070 5.12333 4.21012
7075 4.98683 3.72305
7080 4.85612 4.20822
7085 5.24529 4.02019
7090 4.98089 3.62921
7095 4.86292 3.87355
7100 4.75313 3.41212
7105 4.6593 3.94281
7110 5.0492 4.51683
7115 5.37829 3.74337
7120 4.88884 3.73802
7125 4.89016 3.91336
7130 5.21458 3.59224
7135 4.94177 4.34484
7140 5.24344 4.13104
7145 5.27171 4.56467
7150 5.29164 4.05937
7155 5.06545 3.33764
7160 4.47652 4.73917
7165 5.59613 3.8527
7170 4.90333 3.36222
7175 4.45174 3.57349
7180 4.43621 3.68395
7185 4.87441 3.72765
7190 4.93606 3.15453
7195 4.18863 3.50496
7200 4.74531 4.64561
7205 5.38795 3.61768
7210 4.738 3.25618
7215 4.50171 4.72196
7220 5.54726 4.14794
7225 5.4875 3.64729
7230 4.7879 4.44843
7235 5.25103 3.8397
7240 4.94857 4.45068
7245 5.54987 3.93642
7250 5.03469 5.51574
7255 6.1634 4.31122
7260 5.49659 5.66981
7265 6.32412 4.14294
7270 5.30564 4.80692
7275 5.36408 5.16652
7280 6.16505 3.92735
7285 4.87027 3.76421
7290 4.89057 4.14966
7295 5.0453 3.60665
7300 4.68228 3.7748
7305 4.77929 3.45162
7310 4.6765 3.50019
7315 4.43403 4.2674
7320 5.12487 3.35544
7325 4.59932 4.95818
7330 5.46257 3.99445
7335 4.90924 4.25031
7340 5.0583 3.44732
7345 4.53536 3.33633
7350 4.64685 3.44652
7355 4.61887 3.81204
7360 4.78778 4.47936
7365 5.24016 3.40319
7370 4.49307 4.42984
7375 5.26206 4.39384
7380 5.58892 3.92802
7385 5.19361 4.65
7390 5.70661 4.26888
7395 5.27448 3.45537
7400 4.89793 4.59527
7405 5.26368 3.75831
7410 5.03199 4.04512
7415 4.88876 3.86277
7420 4.72103 3.82054
7425 4.78943 3.82908
7430 5.00911 3.67913
7435 4.79821 4.20217
7440 5.0469 4.02708
7445 5.03983 3.76628
7450 4.91237 4.78119
7455 5.49049 3.91394
7460 5.01562 3.91763
7465 4.9404 3.97739
7470 4.93512 3.39666
7475 4.61423 4.43386
7480 5.14274 3.07949
7485 4.2784 3.41372
7490 4.56791 3.9134
7495 4.70905 3.40335
7500 4.85219 3.50408
7505 4.61178 3.78348
7510 5.08945 3.48406
7515 4.5332 10.0456
7520 10.4844 6.14219
7525 7.56885 6.91266
7530 8.41487 6.07426
7535 6.95181 4.76371
7540 5.86302 3.766
7545 5.40399 4.71004
7550 5.52399 4.0886
7555 5.14268 3.54492
7560 4.81471 4.6921
7565 5.98395 4.19942
7570 5.26309 4.71203
7575 5.88028 4.40145
7580 5.36441 3.87561
7585 5.19935 4.88074
7590 5.90311 4.59973
7595 5.64051 4.14829
7600 5.22196 3.90404
7605 5.21324 4.35651
7610 5.31851 6.60916
7615 7.0033 4.97187
7620 5.92101 3.93167
7625 4.70101 4.53661
7630 5.71614 4.48157
7635 5.43317 4.29669
7640 5.52065 4.45121
7645 5.29142 4.47264
7650 5.28716 3.67063
7655 4.97409 4.19944
7660 5.24442 4.2492
7665 5.20467 4.01904
7670 5.13165 3.54426
7675 4.63514 3.90001
7680 4.9057 4.23209
7685 5.30243 4.66429
7690 5.69506 3.63525
7695 4.98001 4.29901
7700 5.54564 3.52153
7705 4.7652 4.49333
7710 5.52639 4.11058
7715 5.14592 3.71698
7720 4.86341 3.95835
7725 5.33101 4.11386
7730 4.71756 3.46157
7735 4.8973 3.40273
7740 4.4241 3.61763
7745 4.80644 3.76883
7750 4.82983 3.39121
7755 4.7009 3.74189
7760 4.64629 4.12182
7765 5.29786 3.83384
7770 4.53909 3.29453
7775 4.41306 3.62438
7780 4.83029 4.24748
7785 5.21456 4.00487
7790 4.8384 4.26257
7795 5.3314 4.32686
7800 5.0232 3.44852
7805 4.68199 3.5763
7810 4.47696 4.11187
7815 5.02812 3.91693
7820 4.86545 4.40659
7825 5.231 4.08005
7830 5.08423 4.97141
7835 5.89492 4.43949
7840 5.4482 4.06753
7845 4.93149 4.88453
7850 5.55345 4.29386
7855 5.46542 4.79914
7860 5.70184 3.76051
7865 4.69552 3.37396
7870 4.59285 3.45146
7875 4.58091 4.49542
7880 5.68374 3.90568
7885 4.66684 3.37565
7890 4.57391 4.01562
7895 4.85279 3.9215
7900 4.8833 4.28503
7905 5.21438 3.73863
7910 4.80546 3.81085
7915 4.69095 3.55913
7920 4.47696 4.42385
7925 5.36437 3.66363
7930 4.82624 3.19112
7935 4.30382 3.90181
7940 4.81382 3.68677
7945 4.87331 4.06523
7950 5.09252 4.31295
7955 5.15838 4.85127
7960 5.74951 3.88362
7965 4.7112 4.00906
7970 5.1652 3.52448
7975 4.67937 4.73988
7980 5.37839 3.85428
7985 4.92593 3.4816
7990 4.61668 3.45667
7995 4.7863 3.84013
8000 5.01093 3.95222
8005 4.98797 3.50425
8010 4.63276 4.25604
8015 5.25109 3.77903
8020 4.94776 4.02561
8025 4.75399 3.6775
8030 4.69956 3.66298
8035 4.87438 3.47687
8040 4.55355 4.16818
8045 4.99566 3.84149
8050 4.84827 3.78041
8055 4.84241 3.75811
8060 4.59956 3.41898
8065 4.4246 3.61655
8070 4.64205 4.04814
8075 4.91192 3.70813
8080 4.73818 4.35683
8085 5.16442 3.29854
8090 4.59589 3.71583
8095 4.58841 4.00024
8100 5.1071 4.32894
8105 5.33396 4.56898
8110 5.37325 3.30185
8115 4.40932 3.98162
8120 4.93269 3.56402
8125 4.33584 3.33607
8130 4.26034 3.46762
8135 4.43845 3.69467
8140 4.67578 3.18288
8145 4.36436 3.77042
8150 4.49289 3.30422
8155 4.21072 3.35716
8160 4.43318 3.85529
8165 4.98619 3.72813
8170 4.68607 3.90169
8175 4.7537 3.67308
8180 4.61378 3.15841
8185 4.21751 3.9033
8190 4.69994 3.34084
8195 4.41656 3.75267
8200 4.7471 4.13135
8205 5.0977 3.56247
8210 4.6622 3.43894
8215 4.56366 3.85091
8220 4.6661 3.18637
8225 4.34842 3.68847
8230 4.56111 3.25976
8235 4.13659 3.08472
8240 4.2282 3.67291
8245 4.70007 3.44623
8250 4.7484 3.33594
8255 4.50426 3.76629
8260 4.65157 2.93442
8265 4.26955 3.31608
8270 4.12218 3.02889
8275 4.34208 2.93808
8280 3.88533 3.43226
8285 4.67346 3.49995
8290 4.43711 3.13056
8295 4.2121 2.90266
8300 4.06514 3.64882
8305 4.56971 3.45073
8310 4.61199 3.37546
8315 4.24907 3.59533
8320 4.68099 2.94825
8325 4.05267 3.14959
8330 4.11926 3.13117
8335 4.28708 3.21323
8340 4.15379 3.38105
8345 4.42069 2.90356
8350 4.22424 3.42008
8355 4.29922 2.86989
8360 4.20285 3.46666
8365 4.49212 3.12198
8370 4.07219 3.09067
8375 4.18366 3.52914
8380 4.55394 3.88584
8385 4.67865 2.55032
8390 3.87871 3.55966
8395 4.79308 3.39165
8400 4.37368 3.49436
8405 4.37506 2.78257
8410 3.97344 2.84301
8415 3.99978 3.30806
8420 4.37455 3.06128
8425 4.05003 3.11524
8430 4.2366 3.86546
8435 4.77251 3.66462
8440 4.74351 3.65452
8445 4.67611 3.67435
8450 4.84874 3.9307
8455 4.76976 3.96017
8460 4.86301 3.44234
8465 4.47294 3.38814
8470 4.32077 3.2654
8475 4.58719 3.20043
8480 4.14632 3.38557
8485 4.438 3.11813
8490 4.1727 2.96143
8495 4.07447 2.83976
8500 3.76659 3.10599
8505 4.4064 4.11275
8510 5.03795 3.45574
8515 4.46583 3.83046
8520 4.69997 2.79932
8525 3.78746 3.44283
8530 4.5802 3.4766
8535 4.39499 3.01293
8540 4.09516 3.40742
8545 4.3653 2.96558
8550 4.19635 3.38306
8555 4.27641 3.34879
8560 4.41682 3.22405
8565 4.07275 3.73543
8570 4.60459 3.55639
8575 4.71657 3.35479
8580 4.30915 3.54221
8585 4.5859 3.3093
8590 4.44299 3.4263
8595 4.61303 3.07502
8600 4.15856 2.99952
8605 3.97908 3.11562
8610 4.17349 3.27107
8615 4.40999 3.4587
8620 4.12901 2.70327
8625 3.79999 3.13775
8630 4.22484 2.88732
8635 4.02968 2.93743
8640 3.91884 3.01629
8645 4.2337 3.00547
8650 4.14936 3.49964
8655 4.64292 3.09473
8660 4.16612 3.19291
8665 4.24927 2.8802
8670 4.05779 2.97646
8675 4.00485 3.40813
8680 4.45807 3.16184
8685 4.12145 3.53779
8690 4.68586 2.98274
8695 4.04384 2.60948
8700 3.97399 2.96872
8705 4.07945 3.27359
8710 4.33798 3.24276
8715 4.21369 2.75512
