5 12.1315 10.8003
10 11.4235 11.6967
15 11.2649 11.1269
20 11.8174 11.7317
25 11.367 11.2553
30 11.4622 11.5274
35 10.8088 10.9336
40 11.6731 11.6565
45 11.6972 11.5569
50 11.209 11.3026
55 11.2592 11.1664
60 11.448 11.5205
65 11.7274 11.6122
70 11.1545 11.2582
75 11.3625 11.4175
80 11.9928 11.944
85 11.6637 11.7338
90 11.5688 11.3975
95 11.0462 10.9987
100 11.1548 11.3169
105 11.5044 11.237
110 11.7178 11.69
115 11.0571 11.1262
120 10.7857 10.6248
125 11.6981 11.8775
130 11.2791 11.2064
135 11.5855 11.5061
140 11.0871 10.9394
145 11.3358 11.4213
150 11.4375 11.5805
155 11.2126 11.0009
160 11.6147 11.6682
165 11.927 11.9233
170 11.6236 11.5596
175 11.4795 11.4567
180 11.2068 11.1525
185 10.9795 11.0351
190 11.461 11.3741
195 11.566 11.5833
200 11.2327 11.1474
205 11.1536 11.0376
210 11.8603 12.0002
215 11.0321 10.9461
220 10.8788 10.7696
225 11.3829 11.4622
230 11.4481 11.4517
235 11.0096 10.89
240 11.0808 11.2962
245 11.347 11.1028
250 11.2634 10.8297
255 10.627 11.0765
260 11.3415 11.4175
265 12.2348 12.03
270 12.0093 12.1331
275 11.9828 11.4706
280 11.3599 11.1217
285 10.9918 11.0818
290 11.3483 11.5145
295 11.7125 11.7132
300 11.9432 11.7235
305 11.1752 10.8784
310 11.6375 11.2518
315 11.2442 11.5255
320 11.9909 11.8504
325 10.8977 10.6811
330 11.0823 11.2138
335 11.7691 11.2273
340 10.4671 10.652
345 11.1961 10.9435
350 11.3642 11.3631
355 10.9673 10.8999
360 10.9458 10.9408
365 11.2751 11.0074
370 11.5556 11.4807
375 11.1293 10.9063
380 11.7017 11.8105
385 10.9552 10.588
390 11.7113 11.664
395 11.6359 11.5856
400 11.857 11.5668
405 10.6643 11.005
410 11.775 12.0716
415 11.7547 11.2847
420 11.5222 11.8094
425 11.6714 10.7942
430 11.356 12.2911
435 12.1031 11.8418
440 11.9645 11.8726
445 11.6407 11.575
450 11.7697 11.7041
455 11.7864 11.5878
460 11.4934 11.394
465 11.4492 11.2122
470 11.3111 10.5992
475 10.8732 10.5059
480 10.8421 10.4105
485 10.6588 11.2374
490 11.7062 11.0112
495 11.0138 10.8482
500 11.3798 11.0929
505 11.3891 11.0599
510 11.6608 11.7076
515 11.855 11.7582
520 11.2996 11.2448
525 11.6977 11.6308
530 10.9047 10.5645
535 11.359 10.926
540 10.9416 9.80289
545 10.1721 10.1178
550 10.4882 10.1603
555 10.219 9.73676
560 9.92177 11.3178
565 11.3743 9.45201
570 9.99078 11.7013
575 12.0997 12.5001
580 12.0588 11.5233
585 11.4157 11.3681
590 11.5525 11.5822
595 11.0352 10.654
600 11.0878 11.292
605 11.6822 11.7456
610 11.207 11.2806
615 11.7086 11.6916
620 11.258 123.552
625 122.781 122.781
630 124.343 124.343
635 123.61 123.61
640 123.34 123.34
645 124.292 124.292
650 123.657 123.657
655 124.12 124.12
660 123.415 123.415
665 124.273 124.273
670 123.571 123.571
675 122.811 122.811
680 123.147 123.147
685 123.41 123.41
690 124.098 124.098
695 123.1 123.1
700 123.162 123.162
705 123.581 123.581
710 124.615 124.615
715 123.425 123.425
720 123.262 123.262
725 123.093 123.093
730 122.56 122.56
735 123.257 123.257
740 124.125 124.125
745 124.079 124.079
750 123.073 123.073
755 124.061 124.061
760 123.031 123.031
765 123.257 123.257
770 123.592 123.592
775 123.069 123.069
780 123.072 123.072
785 125.253 125.253
790 123.725 123.725
795 123.434 123.434
800 123.426 123.426
805 124.843 124.843
810 124.99 124.99
815 122.452 122.452
820 124.313 124.313
825 124.393 124.393
830 123.792 123.792
835 123.872 123.872
840 123.632 123.632
845 123.806 123.806
850 123.78 123.78
855 124.126 124.126
860 123.505 123.505
865 123.625 123.625
870 122.311 122.311
875 123.942 123.942
880 123.98 123.98
885 123.837 123.837
890 123.237 123.237
895 123.617 123.617
900 124.99 124.99
905 124.486 124.486
910 123.551 123.551
915 123.259 123.259
920 122.301 122.301
925 122.796 122.796
930 124.117 124.117
935 123.991 123.991
940 123.369 123.369
945 124.021 124.021
950 123.545 123.545
955 123.367 123.367
960 123.564 123.564
965 123.945 123.945
970 122.887 122.887
975 124.11 124.11
980 123.438 123.438
985 123.81 123.81
990 122.876 122.876
995 123.86 123.86
1000 122.784 122.784
1005 123.562 123.562
1010 122.324 122.324
1015 124.505 124.505
1020 124.465 124.465
1025 123.361 123.361
1030 123.912 123.912
1035 123.775 123.775
1040 123.85 123.85
1045 123.536 123.536
1050 122.895 122.895
1055 124 124
1060 123.202 123.202
1065 123.02 123.02
1070 124.794 124.794
1075 123.664 123.664
1080 124.02 124.02
1085 123.68 123.68
1090 123.604 123.604
1095 123.531 123.531
1100 123.905 123.905
1105 124.252 124.252
1110 123.104 123.104
1115 125.05 125.05
1120 124.051 124.051
1125 123.722 123.722
1130 123.676 123.676
1135 124.626 124.626
1140 123.01 123.01
1145 123.461 123.461
1150 123.864 123.864
1155 124.592 124.592
1160 123.68 123.68
1165 123.368 123.368
1170 123.213 123.213
1175 124.229 124.229
1180 123.292 123.292
1185 124.829 124.829
1190 123.644 123.644
1195 123.683 123.683
1200 123.464 123.464
1205 124.688 124.688
1210 123.237 123.237
1215 123.114 123.114
1220 123.561 123.561
1225 123.804 123.804
1230 122.327 122.327
1235 123.441 123.441
1240 122.552 122.552
1245 124.029 124.029
1250 123.73 123.73
1255 123.028 123.028
1260 125.011 125.011
1265 123.19 123.19
1270 123.359 123.359
1275 123 123
1280 123.86 123.86
1285 123.618 123.618
1290 124.333 124.333
1295 123.472 123.472
1300 124 124
1305 123.361 123.361
1310 123.773 123.773
1315 123.907 123.907
1320 123.327 123.327
1325 124.569 124.569
1330 125.117 125.117
1335 123.136 123.136
1340 124.421 124.421
1345 123.827 123.827
1350 123.161 123.161
1355 124.673 124.673
1360 124.221 124.221
1365 123.467 123.467
1370 123.758 123.758
1375 123.356 123.356
1380 122.818 122.818
1385 123.71 123.71
1390 123.181 123.181
1395 123.931 123.931
1400 123.78 123.78
1405 123.67 123.67
1410 124.33 124.33
1415 123.333 123.333
1420 122.551 122.551
1425 122.923 122.923
1430 123.802 123.802
1435 124.416 124.416
1440 123.98 123.98
1445 124.342 124.342
1450 124.396 124.396
1455 122.577 122.577
1460 123.991 123.991
1465 124.505 124.505
1470 123.471 123.471
1475 123.12 123.12
1480 122.903 122.903
1485 123.65 123.65
1490 123.758 123.758
1495 123.094 123.094
1500 123.868 123.868
1505 123.131 123.131
1510 123.645 123.645
1515 122.952 122.952
1520 124.707 124.707
1525 123.346 123.346
1530 123.98 123.98
1535 124.009 124.009
1540 123.51 123.51
1545 123.551 123.551
1550 124.213 124.213
1555 123.921 123.921
1560 123.573 123.573
1565 123.925 123.925
1570 123.269 123.269
1575 122.738 122.738
1580 123.04 123.04
1585 125.043 125.043
1590 123.056 123.056
1595 124.661 124.661
1600 123.779 123.779
1605 123.843 123.843
1610 123.67 123.67
1615 124.032 124.032
1620 123.629 123.629
1625 124.444 124.444
1630 123.532 123.532
1635 123.431 123.431
1640 122.563 122.563
1645 122.485 122.485
1650 123.5 123.5
1655 124.356 124.356
1660 123.467 123.467
1665 123.545 123.545
1670 124.038 124.038
1675 122.973 122.973
1680 124.108 124.108
1685 123.286 123.286
1690 123.021 123.021
1695 124.132 124.132
1700 122.901 122.901
1705 123.229 123.229
1710 123.713 123.713
1715 124.098 124.098
1720 123.222 123.222
1725 124.021 124.021
1730 123.04 123.04
1735 124.092 124.092
1740 123.957 123.957
1745 123.314 123.314
1750 124.455 124.455
1755 122.639 122.639
1760 124.64 124.64
1765 124.058 124.058
1770 122.849 122.849
1775 122.945 122.945
1780 122.529 122.529
1785 124.107 124.107
1790 123.424 123.424
1795 124.112 124.112
1800 123.853 123.853
1805 124.223 124.223
1810 123.485 123.485
1815 123.898 123.898
1820 122.534 122.534
1825 122.898 122.898
1830 123.234 123.234
1835 123.149 123.149
1840 123.573 123.573
1845 123.115 123.115
1850 123.47 123.47
1855 122.95 122.95
1860 124.167 124.167
1865 123.853 123.853
1870 124.077 124.077
1875 122.663 122.663
1880 123.714 123.714
1885 123.735 123.735
1890 123.728 123.728
1895 123.595 123.595
1900 123.039 123.039
1905 123.896 123.896
1910 123.752 123.752
1915 122.912 122.912
1920 124.382 124.382
1925 122.858 122.858
1930 123 123
1935 123.562 123.562
1940 123.969 123.969
1945 124.309 124.309
1950 122.941 122.941
1955 123.98 123.98
1960 124.853 124.853
1965 124.422 124.422
1970 122.724 122.724
1975 124.575 124.575
1980 123.905 123.905
1985 123.282 123.282
1990 124.028 124.028
1995 124.049 124.049
2000 124.704 124.704
2005 123.577 123.577
2010 123.717 123.717
2015 123.153 123.153
2020 123.549 123.549
2025 123.112 123.112
2030 123.647 123.647
2035 124.928 124.928
2040 124.344 124.344
2045 123.559 123.559
2050 124.784 124.784
2055 123.153 123.153
2060 124.456 124.456
2065 123.627 123.627
2070 123.644 123.644
2075 124.402 124.402
2080 124.148 124.148
2085 123.202 123.202
2090 124 124
2095 123 123
2100 123.214 123.214
2105 123.802 123.802
2110 123.347 123.347
2115 124.067 124.067
2120 124.545 124.545
2125 123.646 123.646
2130 123.663 123.663
2135 123.6 123.6
2140 123.165 123.165
2145 123.183 123.183
2150 123.485 123.485
2155 123.631 123.631
2160 124.346 124.346
2165 123.311 123.311
2170 123.082 123.082
2175 123.43 123.43
2180 122.606 122.606
2185 122.257 122.257
2190 123.084 123.084
2195 124.84 124.84
2200 123.029 123.029
2205 124.144 124.144
2210 123.937 123.937
2215 123.3 123.3
2220 123.525 123.525
2225 124.11 124.11
2230 123.755 123.755
2235 123.566 123.566
2240 123.358 123.358
2245 123.92 123.92
2250 124.117 124.117
2255 124.17 124.17
2260 123.545 123.545
2265 123.26 123.26
2270 123.81 123.81
2275 123.376 123.376
2280 124.19 124.19
2285 124.173 124.173
2290 124.269 124.269
2295 123.725 123.725
2300 124.17 124.17
2305 123.295 123.295
2310 123.554 123.554
2315 124.236 124.236
2320 124.049 124.049
2325 122.354 122.354
2330 125.095 125.095
2335 122.981 122.981
2340 123.447 123.447
2345 123.519 123.519
2350 123.569 123.569
2355 123.726 123.726
2360 123.45 123.45
2365 123.283 123.283
2370 123.279 123.279
2375 122.86 122.86
2380 123.031 123.031
2385 123.163 123.163
2390 124.168 124.168
2395 123.486 123.486
2400 123.777 123.777
2405 125.402 125.402
2410 123.858 123.858
2415 123.404 123.404
2420 124.11 124.11
2425 124.149 124.149
2430 123.301 123.301
2435 123.485 123.485
2440 123.537 123.537
2445 123.411 123.411
2450 123.826 123.826
2455 123.578 123.578
2460 123.083 123.083
2465 123.64 123.64
2470 123.067 123.067
2475 123.752 123.752
2480 123.436 123.436
2485 123.252 123.252
2490 124.337 124.337
2495 122.356 122.356
2500 125.248 125.248
2505 124.011 124.011
2510 122.887 122.887
2515 122.608 122.608
2520 122.679 122.679
2525 123.94 123.94
2530 123.583 123.583
2535 123.204 123.204
2540 124.155 124.155
2545 122.431 122.431
2550 123.875 123.875
2555 123.85 123.85
2560 122.923 122.923
2565 124.451 124.451
2570 123.041 123.041
2575 123.317 123.317
2580 123.343 123.343
2585 123.165 123.165
2590 123.356 123.356
2595 123.879 123.879
2600 124.594 124.594
2605 123.456 123.456
2610 123.436 123.436
2615 123.742 123.742
2620 123.648 123.648
2625 124.099 124.099
2630 123.59 123.59
2635 123.264 123.264
2640 123.427 123.427
2645 123.228 123.228
2650 124.67 124.67
2655 123.491 123.491
2660 122.916 122.916
2665 124.314 124.314
2670 123.36 123.36
2675 122.709 122.709
2680 122.84 122.84
2685 123.096 123.096
2690 124.212 124.212
2695 123.92 123.92
2700 123.474 123.474
2705 123.854 123.854
2710 123.16 123.16
2715 123.142 123.142
2720 123.541 123.541
2725 123.565 123.565
2730 123.867 123.867
2735 123.194 123.194
2740 122.762 122.762
2745 123 123
2750 123.413 123.413
2755 123.37 123.37
2760 122.846 122.846
2765 124.481 124.481
2770 123.884 123.884
2775 124.392 124.392
2780 123.301 123.301
2785 123.255 123.255
2790 123.48 123.48
2795 124.214 124.214
2800 122.716 122.716
2805 124.225 124.225
2810 123.274 123.274
2815 123.824 123.824
2820 123.52 123.52
2825 122.377 122.377
2830 123.286 123.286
2835 123.53 123.53
2840 122.835 122.835
2845 123.71 123.71
2850 123.683 123.683
2855 124.402 124.402
2860 124.682 124.682
2865 123.049 123.049
2870 124.577 124.577
2875 122.76 122.76
2880 124.333 124.333
2885 123.223 123.223
2890 123.814 123.814
2895 124.126 124.126
2900 123.604 123.604
2905 123.137 123.137
2910 123.63 123.63
2915 124.118 124.118
2920 123.505 123.505
2925 123.076 123.076
2930 123.769 123.769
2935 122.907 122.907
2940 123.9 123.9
2945 123.5 123.5
2950 123.193 123.193
2955 124.072 124.072
2960 123.412 123.412
2965 123.486 123.486
2970 123.594 123.594
2975 123.168 123.168
2980 123.495 123.495
2985 123.832 123.832
2990 123.971 123.971
2995 123.679 123.679
3000 124.366 124.366
3005 123.286 123.286
3010 123.236 123.236
3015 122.848 122.848
3020 125.33 125.33
3025 123.467 123.467
3030 124.495 124.495
3035 123.444 123.444
3040 122.778 122.778
3045 123.578 123.578
3050 122.961 122.961
3055 123.842 123.842
3060 125.268 125.268
3065 123.486 123.486
3070 123.431 123.431
3075 124.343 124.343
3080 123.973 123.973
3085 123.242 123.242
3090 122.788 122.788
3095 122.57 122.57
3100 122.74 122.74
3105 124.814 124.814
3110 123.144 123.144
3115 123.515 123.515
3120 123.451 123.451
3125 123.438 123.438
3130 123.798 123.798
3135 124.108 124.108
3140 123.774 123.774
3145 123.776 123.776
3150 123.529 123.529
3155 123.144 123.144
3160 123.451 123.451
3165 122.765 122.765
3170 124.121 124.121
3175 124.258 124.258
3180 123.196 123.196
3185 123.33 123.33
3190 123.67 123.67
3195 123.257 123.257
3200 122.474 122.474
3205 123.64 123.64
3210 123.729 123.729
3215 123.564 123.564
3220 123.478 123.478
3225 123.11 123.11
3230 122.979 122.979
