M1_20160408_1401.lvm 2 15508 17200 136 5
M1_20160412_1403.lvm 4 1800 4030 113 5
M1_20160412_1403.lvm 5 1800 4030 113 5
M1_20160412_1403.lvm 4 8193 11100 114 5
M1_20160412_1403.lvm 5 8193 11500 114 4
M1_20160414_1343.lvm 2 3195 7215 93 4
M1_20160414_1343.lvm 3 3195 7215 93 5
M1_20160418_1135.lvm 2 6881 10994 127 4
M1_20160418_1135.lvm 2 19220 22000 132 5
M1_20160418_1135.lvm 4 19220 22800 132 5
M1_20160418_1135.lvm 5 19220 22800 132 5
M1_20160418_1310.lvm 2 11300 13886 122 5
M1_20160418_1310.lvm 4 11300 13886 122 4
M1_20160418_1310.lvm 5 11300 13886 122 4
M1_20160418_1310.lvm 2 15650 17999 121 5
M1_20160426_1155.lvm 3 4000 4600 137 5
M1_20160426_1155.lvm 4 2400 4600 137 4
M1_20160426_1155.lvm 5 3740 4475 137 5
M1_20160426_1155.lvm 2 29149 33263 147 5
M1_20160426_1155.lvm 3 29149 33263 147 5
M1_20160426_1155.lvm 4 30500 33263 147 4
M1_20160426_1155.lvm 2 37377 41488 157 5
M1_20160426_1155.lvm 3 37377 41488 157 5
M1_20160426_1155.lvm 5 39500 41488 157 5
M1_20160426_1425.lvm 4 59100 59950 96 4
M1_20160428_1140.lvm 2 11550 12992 156 4
M1_20160428_1140.lvm 4 10725 12600 156 5
M1_20160428_1140.lvm 5 12200 12992 156 4
M1_20160428_1140.lvm 2 12992 15500 150 4
M1_20160428_1140.lvm 3 13800 14900 150 5
M1_20160428_1140.lvm 5 12992 17089 150 4
M1_20160428_1140.lvm 2 21975 25316 145 5
M1_20160428_1140.lvm 3 22225 25316 145 5
M1_20160428_1353.lvm 4 50614 54666 107 4
M1_20160428_1353.lvm 5 50614 53450 107 5
M1_20160428_1353.lvm 5 54750 57200 105 5
M1_20160503_1143.lvm 2 6200 7123 142 4
M1_20160503_1143.lvm 4 3015 5500 142 5
M1_20160503_1143.lvm 5 3015 5500 142 5
M1_20160503_1143.lvm 2 11228 14180 128 5
M1_20160503_1143.lvm 3 11228 13350 128 5
M1_20160503_1143.lvm 4 11228 13350 128 5
M1_20160503_1143.lvm 5 11228 13350 128 5
M1_20160503_1313.lvm 5 4050 5600 131 5
M1_20160503_1320.lvm 4 3202 3920 124 4
M1_20160503_1320.lvm 5 3202 4520 124 5
M1_20160503_1323.lvm 4 5620 9047 121 5
M1_20160503_1323.lvm 5 4974 9047 121 5
M1_20160505_1140.lvm 2 4300 7057 166 4
M1_20160505_1140.lvm 3 4300 7057 166 5
M1_20160505_1140.lvm 4 4400 7057 166 4
M1_20160505_1140.lvm 2 11500 13600 166 4
M1_20160505_1140.lvm 3 11220 15381 166 4
M1_20160505_1140.lvm 3 19444 23606 156 5
M1_20160505_1412.lvm 3 10800 13279 85 5
M1_20160505_1412.lvm 4 11050 13279 85 5
M1_20160505_1412.lvm 3 13279 17386 87 5
M1_20160505_1412.lvm 4 13279 16450 87 5
M1_20160505_1412.lvm 5 13279 17386 87 5
M1_20160505_1412.lvm 3 17386 21549 80 5
M1_20160505_1412.lvm 4 17386 21549 80 5
M1_20160505_1412.lvm 5 17386 21549 80 5
