5 18.3836 18.4252
10 18.5748 18.5406
15 18.7994 18.3705
20 18.5 18.5
25 18.5093 18.4878
30 18.5043 18.4848
35 18.5283 18.5127
40 18.5147 18.5011
45 18.499 18.4558
50 18.6255 18.4379
55 18.523 18.4647
60 18.5 18.5
65 18.6373 18.3162
70 18.5 18.5
75 18.5011 18.4844
80 18.4534 18.4
85 18.6367 18.5088
90 18.5064 18.4811
95 18.482 18.4753
100 18.4918 18.5017
105 18.5 18.5
110 18.5354 18.4939
115 18.5 18.5
120 18.5144 18.5059
125 18.511 18.4679
130 18.5101 18.4893
135 18.5092 18.5086
140 18.4906 18.4807
145 18.5396 18.5127
150 18.5 18.5
155 18.4906 18.4814
160 18.5422 18.5141
165 18.5563 18.1794
170 18.3938 18.4396
175 18.5 18.5
180 18.4997 18.502
185 18.5057 18.4754
190 18.4776 18.4714
195 18.5205 18.4697
200 18.4845 18.4784
205 18.4112 18.3327
210 18.6513 18.5269
215 18.5257 18.4708
220 18.4622 18.3954
225 18.5 18.5
230 18.5 18.5
235 18.5277 18.4631
240 18.4742 18.4732
245 18.5 18.5
250 18.5226 18.4194
255 18.5165 18.494
260 18.5107 18.5028
265 18.5048 18.4746
270 18.4686 18.435
275 18.4281 18.3988
280 18.5703 18.4605
285 18.5284 18.5069
290 18.4904 18.4266
295 18.6356 18.4603
300 18.4845 18.484
305 18.5082 18.4909
310 18.5153 18.5047
315 18.4837 18.2552
320 18.4639 18.4694
325 18.5598 18.5273
330 18.5 18.5
335 18.5819 18.4299
340 18.462 18.4576
345 18.5 18.5
350 18.5003 18.4877
355 18.5369 18.4981
360 18.4988 18.4965
365 18.5062 18.4321
370 18.5 18.5
375 18.516 18.511
380 18.5261 18.5058
385 18.5024 18.5044
390 18.4743 18.326
395 18.4684 18.4719
400 18.528 18.5172
405 18.481 18.4778
410 18.3892 18.2841
415 18.5886 18.5435
420 18.5517 18.5166
425 18.4867 18.4596
430 18.6212 18.4183
435 18.4853 18.4931
440 18.4768 18.4443
445 18.4214 18.354
450 18.3055 18.1919
455 18.3281 18.3698
460 18.3892 18.4094
465 18.474 18.4905
470 18.4905 18.4979
475 18.5024 18.4896
480 18.5 18.5
485 18.5 18.5
490 18.5341 18.4971
495 18.5021 18.4686
500 18.5546 18.4888
505 18.485 18.4088
510 18.4788 18.4893
515 18.5189 18.4777
520 18.4657 18.4216
525 18.619 18.5052
530 18.502 18.4985
535 18.5 18.5
540 18.5213 18.4561
545 18.5321 18.4552
550 18.4858 18.4818
555 18.612 18.4304
560 18.4875 18.4944
565 18.5051 18.4916
570 18.5757 18.2352
575 18.4371 18.4606
580 18.4817 18.4931
585 18.473 18.4417
590 18.5 18.5
595 18.496 18.4733
600 18.5 18.5
605 18.4982 18.4382
610 18.4794 18.4777
615 18.4585 18.4481
620 18.4481 18.4423
625 18.5638 18.5298
630 18.5459 18.4962
635 18.5 18.5
640 18.5116 18.499
645 18.4984 18.471
650 18.5 18.5
655 18.5004 18.4909
660 18.5 18.5
665 18.518 18.4357
670 18.4852 18.4927
675 18.5219 18.4522
680 18.5311 18.5105
685 18.519 18.4663
690 18.4444 18.3223
695 18.4408 18.4611
700 18.3821 18.2903
705 18.3391 18.3354
710 18.5 18.5
715 18.4617 18.4405
720 18.5 18.5
725 18.492 18.4911
730 18.5098 18.476
735 18.4771 18.4594
740 18.5198 18.5127
745 18.4453 18.378
750 18.5581 18.5283
755 18.4717 18.4566
760 18.4219 18.3911
765 18.373 18.3368
770 18.6991 18.5407
775 18.5 18.5
780 18.49 18.4848
785 18.5176 18.5108
790 18.5844 18.2583
795 18.4117 18.4228
800 18.5 18.5
805 18.5 18.5
810 18.502 18.4961
815 18.5026 18.4913
820 18.4789 18.4344
825 18.4781 18.4778
830 18.4042 18.3513
835 18.5986 18.5389
840 18.5 18.5
845 18.4866 18.4828
850 18.6712 18.2229
855 18.4457 18.4649
860 18.4649 18.4745
865 18.5 18.5
870 18.4984 18.4989
875 18.502 18.4741
880 18.4867 18.483
885 18.5317 18.5131
890 18.4789 18.4355
895 18.5196 18.5127
900 18.5382 18.5031
905 18.5022 18.4947
910 18.491 18.4631
915 18.4877 18.4925
920 18.5437 18.3345
925 18.5524 18.5249
930 18.4884 18.4844
935 18.5305 18.5124
940 18.507 18.5045
945 18.508 18.4992
950 18.4984 18.4507
955 18.5 18.5
960 18.4915 18.3992
965 18.3513 18.1785
970 18.5414 18.5118
975 18.4347 18.3534
980 18.5 18.5
985 18.4738 18.4602
990 18.4559 18.4417
995 18.4833 18.4921
1000 18.4773 18.4686
1005 18.4786 18.4829
1010 18.5096 18.4963
1015 18.5271 18.2967
1020 18.4724 18.4846
1025 18.4854 18.4924
1030 18.4653 18.4085
1035 18.4043 18.3665
1040 18.472 18.4853
1045 18.5634 18.4457
1050 18.5258 18.5079
1055 18.4835 18.4023
1060 18.4762 18.4764
1065 18.6312 18.4617
1070 18.5065 18.4948
1075 18.5194 18.4684
1080 18.5267 18.4626
1085 18.5 18.5
1090 18.4656 18.4305
1095 18.6797 18.4129
1100 18.5337 18.468
1105 18.4781 18.4615
1110 18.5625 18.5115
1115 18.5079 18.4938
1120 18.5054 18.4779
1125 18.5663 18.4187
1130 18.4701 18.472
1135 18.4882 18.4949
1140 18.4745 18.4141
1145 18.5566 18.4804
1150 18.5594 18.2385
1155 18.4643 18.4761
1160 18.5192 18.5019
1165 18.5 18.5
1170 18.5031 18.5026
1175 18.5049 18.4983
1180 18.5 18.5
1185 18.5 18.5
1190 18.5149 18.4985
1195 18.4994 18.5008
1200 18.5029 18.4747
1205 18.5 18.5
1210 18.5024 18.4587
1215 18.4667 18.4558
1220 18.5 18.5
1225 18.5172 18.4282
1230 18.5327 18.5142
1235 18.5073 18.5051
1240 18.528 18.4267
1245 18.5139 18.4994
1250 18.4982 18.4508
1255 18.5545 18.507
1260 18.4883 18.365
1265 18.5731 18.5242
1270 18.5077 18.5053
1275 18.5051 18.504
1280 18.4948 18.488
1285 18.5098 18.5066
1290 18.5072 18.5044
1295 18.5456 18.0821
1300 18.4244 18.4514
1305 18.5 18.5
1310 18.454 18.3873
1315 18.3925 18.3597
1320 18.6206 18.4834
1325 18.5121 18.4836
1330 18.4665 18.3454
1335 18.4509 18.4649
1340 18.5 18.5
1345 18.4514 18.1918
1350 18.5732 18.5149
1355 18.4729 18.4436
1360 18.5151 18.5004
1365 18.5 18.5
1370 18.5361 18.2536
1375 18.2899 18.1685
1380 18.2084 18.1735
1385 18.0646 17.9475
1390 18.4327 18.4633
1395 18.4682 18.4842
1400 18.4661 18.4731
1405 18.4731 18.477
1410 18.4781 18.4815
1415 18.5 18.5
1420 18.5029 18.4777
1425 18.512 18.5073
1430 18.5 18.5
1435 18.4843 18.4676
1440 18.4834 18.4818
1445 18.4827 18.4817
1450 18.5576 18.5145
1455 18.5138 18.4874
1460 18.5091 18.4815
1465 18.5195 18.5032
1470 18.5091 18.3758
1475 18.4606 18.4698
1480 18.5544 18.4804
1485 18.5362 18.3842
1490 18.483 18.4908
1495 18.4735 18.4655
1500 18.4581 18.4427
1505 18.4693 18.478
1510 18.5253 18.491
1515 18.5341 18.3177
1520 18.4162 18.4142
1525 18.323 18.1904
1530 18.2648 18.2536
1535 18.5441 18.5159
1540 18.531 18.4944
1545 18.5167 18.3921
1550 18.3921 18.3121
1555 18.5306 18.5087
1560 18.4837 18.4857
1565 18.4851 18.4852
1570 18.4704 18.44
1575 18.4539 18.4511
1580 18.482 18.4887
1585 18.4768 18.4753
1590 18.5 18.5
1595 18.488 18.3853
1600 18.4635 18.4729
1605 18.5 18.5
1610 18.4881 18.4657
1615 18.4806 18.4839
1620 18.4805 18.4777
1625 18.4106 18.1708
1630 18.4289 18.4546
1635 18.427 18.4318
1640 18.5444 18.5021
1645 18.4929 18.3558
1650 18.3478 18.2421
1655 18.3745 18.3916
1660 18.5978 18.508
1665 18.5147 18.3891
1670 18.4809 18.4807
1675 18.5193 18.5127
1680 18.4739 18.4621
1685 18.4815 18.4811
1690 18.4811 18.4808
1695 18.5 18.5
1700 18.5362 18.5153
1705 18.4933 18.4885
1710 18.5 18.5
1715 18.5472 18.4826
1720 18.5042 18.495
1725 18.5 18.5
1730 18.5144 18.5011
1735 18.499 18.4775
1740 18.4879 18.4847
1745 18.5943 18.4326
1750 18.4905 18.4952
1755 18.4841 18.4662
1760 18.5487 18.451
1765 18.4881 18.4848
1770 18.5137 18.5091
1775 18.5177 18.5051
1780 18.5 18.5
1785 18.5065 18.5035
1790 18.5 18.5
1795 18.5379 18.3907
1800 18.5169 18.5024
1805 18.4894 18.4381
1810 18.5143 18.501
1815 18.4948 18.4167
1820 18.5325 18.4968
1825 18.5017 18.5007
1830 18.5014 18.4912
1835 18.5167 18.4367
1840 18.5333 18.5135
1845 18.5312 18.442
1850 18.4884 18.4928
1855 18.5069 18.4968
1860 18.5063 18.4978
1865 18.5 18.5
1870 18.4975 18.4912
1875 18.5425 18.4666
1880 18.4402 18.1976
1885 18.465 18.4795
1890 18.4772 18.4846
1895 18.4874 18.4932
1900 18.4765 18.4583
1905 18.4622 18.4555
1910 18.5517 18.4845
1915 18.5087 18.4994
1920 18.5014 18.4288
1925 18.4817 18.4807
1930 18.5175 18.5116
1935 18.4878 18.4851
1940 18.5136 18.5091
1945 18.5205 18.5054
1950 18.5103 18.4621
1955 18.5097 18.4986
1960 18.4986 18.4918
1965 18.4848 18.4697
1970 18.5182 18.5116
1975 18.5 18.5
1980 18.4352 18.3074
1985 18.5 18.5
1990 18.7353 18.3535
1995 18.4266 18.3724
2000 18.4545 18.4689
2005 18.5 18.5
2010 18.5149 18.4874
2015 18.4938 18.489
2020 18.5346 18.4985
2025 18.4995 18.4995
2030 18.5005 18.4932
2035 18.534 18.4455
2040 18.4797 18.4814
2045 18.4905 18.4944
2050 18.4758 18.4347
2055 18.4545 18.4507
2060 18.4427 18.4327
2065 18.3419 18.1738
2070 18.2553 18.2325
2075 18.4149 18.446
2080 18.4736 18.4855
2085 18.4204 18.3687
2090 18.4462 18.458
2095 18.4319 18.4257
2100 18.3981 18.3709
2105 18.4226 18.4356
2110 18.4035 18.3883
2115 18.5 18.5
2120 18.5 18.5
2125 18.5 18.5
2130 18.4999 18.4997
2135 18.4982 18.3657
2140 18.4406 18.4424
2145 18.5 18.5
2150 18.472 18.4522
2155 18.4743 18.4795
2160 18.5 18.5
2165 18.5129 18.4633
2170 18.5105 18.5069
2175 18.513 18.503
2180 18.5117 18.3424
2185 18.4539 18.4624
2190 18.3872 18.2999
2195 18.6334 18.5039
2200 18.5009 18.4937
2205 18.5122 18.5017
2210 18.5025 18.483
2215 18.5255 18.4457
2220 18.5247 18.5101
2225 18.4889 18.4722
2230 18.5136 18.5089
2235 18.5085 18.5056
2240 18.5 18.5
2245 18.5 18.5
2250 18.5075 18.505
2255 18.5173 18.4842
2260 18.4833 18.4567
2265 18.4352 18.3707
2270 18.4496 18.4597
2275 18.559 18.4931
2280 18.5066 18.4837
2285 18.4725 18.4163
2290 18.4677 18.474
2295 18.4867 18.4919
2300 18.5085 18.4984
2305 18.5014 18.5013
2310 18.4958 18.457
2315 18.513 18.5088
2320 18.518 18.5056
2325 18.5086 18.4851
2330 18.4893 18.4845
2335 18.4622 18.397
2340 18.5216 18.5064
2345 18.5182 18.4705
2350 18.4906 18.4875
2355 18.5 18.5
2360 18.5248 18.5089
2365 18.5124 18.4877
2370 18.5043 18.4959
2375 18.5 18.5
2380 18.5179 18.4895
2385 18.5 18.5
2390 18.5094 18.3867
2395 18.3855 18.306
2400 18.372 18.3688
2405 18.4695 18.482
2410 18.5198 18.5054
2415 18.4741 18.4055
2420 18.5189 18.5047
2425 18.5047 18.4963
2430 18.4888 18.4533
2435 18.4533 18.4309
2440 18.6696 18.4616
2445 18.5107 18.4863
2450 18.5576 18.3011
2455 18.6211 18.4658
2460 18.4932 18.4888
2465 18.4893 18.4865
2470 18.5123 18.5083
2475 18.5113 18.5065
2480 18.4942 18.4893
2485 18.5 18.5
2490 18.5248 18.4996
2495 18.4996 18.4792
2500 18.4313 18.1416
2505 18.4602 18.4747
2510 18.572 18.5018
2515 18.4983 18.4804
2520 18.4928 18.495
2525 18.505 18.4965
2530 18.4929 18.4755
2535 18.4484 18.398
2540 18.6739 18.4676
2545 18.5 18.5
2550 18.5009 18.4996
2555 18.5011 18.4599
2560 18.4866 18.4844
2565 18.5319 18.5136
2570 18.5 18.5
2575 18.4524 18.3279
2580 18.6038 18.5345
2585 18.4827 18.4698
2590 18.4852 18.484
2595 18.4657 18.4577
2600 18.5891 18.5172
2605 18.4922 18.4759
2610 18.5253 18.5095
2615 18.5046 18.5027
2620 18.5 18.5
2625 18.4947 18.49
2630 18.4814 18.4691
2635 18.6057 18.432
2640 18.4287 18.2878
2645 18.4697 18.4809
2650 18.5 18.5
2655 18.541 18.4535
2660 18.519 18.5065
2665 18.5151 18.4599
2670 18.4788 18.4743
2675 18.5118 18.501
2680 18.5053 18.3987
2685 18.5523 18.5169
2690 18.5056 18.5036
2695 18.5142 18.4705
2700 18.4676 18.4304
2705 18.4491 18.4437
2710 18.4665 18.4743
2715 18.5 18.5
2720 18.4896 18.488
2725 18.4869 18.484
2730 18.4628 18.4114
2735 18.4275 18.4139
2740 18.5 18.5
2745 18.4478 18.422
2750 18.5598 18.4966
2755 18.5 18.5
2760 18.5037 18.5025
2765 18.5136 18.4498
2770 18.5109 18.5005
2775 18.501 18.4812
2780 18.4904 18.4871
2785 18.4878 18.4856
2790 18.5131 18.5088
2795 18.5605 18.4457
2800 18.5 18.5
2805 18.5039 18.4837
2810 18.4999 18.4999
2815 18.5088 18.5054
2820 18.5054 18.503
2825 18.5027 18.5016
2830 18.4944 18.4571
2835 18.5428 18.5071
2840 18.4954 18.4778
2845 18.4999 18.4999
2850 18.4563 18.4053
2855 18.5856 18.5218
2860 18.5053 18.5034
2865 18.5098 18.4883
2870 18.4841 18.4502
2875 18.5133 18.502
2880 18.4829 18.2878
2885 18.4999 18.4999
2890 18.5235 18.4956
2895 18.493 18.4565
2900 18.473 18.464
2905 18.5 18.5
2910 18.547 18.5121
2915 18.504 18.5023
2920 18.5045 18.4958
2925 18.4953 18.4872
2930 18.5059 18.4975
2935 18.49 18.4305
2940 18.5187 18.5126
2945 18.5212 18.5082
2950 18.5191 18.4642
2955 18.4782 18.4696
2960 18.5237 18.4957
2965 18.5023 18.5005
2970 18.4995 18.4936
2975 18.5117 18.5023
2980 18.4973 18.48
2985 18.5511 18.4652
2990 18.4863 18.4835
2995 18.485 18.485
3000 18.5083 18.4991
3005 18.5025 18.4773
3010 18.5293 18.4548
3015 18.525 18.5081
3020 18.5073 18.4968
3025 18.4965 18.4868
3030 18.4826 18.4657
3035 18.563 18.4375
3040 18.5659 18.4445
3045 18.4182 18.2014
3050 18.5674 18.5206
3055 18.4802 18.4808
3060 18.4777 18.475
3065 18.4785 18.4797
3070 18.4999 18.4999
3075 18.4999 18.4999
3080 18.5013 18.4947
3085 18.485 18.4538
3090 18.5733 18.488
3095 18.505 18.4846
3100 18.507 18.5045
3105 18.5198 18.4691
3110 18.4905 18.4911
3115 18.5367 18.4272
3120 18.4432 18.4018
3125 18.4281 18.4157
3130 18.7064 18.5102
3135 18.5014 18.5001
3140 18.4997 18.4934
3145 18.5264 18.4523
3150 18.4907 18.4941
3155 18.5065 18.4982
3160 18.5068 18.4596
3165 18.4507 18.392
3170 18.5645 18.5017
3175 18.4988 18.4928
3180 18.4841 18.4431
3185 18.4999 18.4999
3190 18.5131 18.4902
3195 18.5133 18.4911
3200 18.5032 18.4961
3205 18.504 18.502
3210 18.5067 18.4696
3215 18.4476 18.3476
3220 18.4999 18.4999
3225 18.3936 18.2381
3230 18.3741 18.3813
3235 18.4405 18.4568
3240 18.4053 18.3892
3245 18.5553 18.5151
3250 18.4489 18.3277
3255 18.3278 18.2374
3260 18.4648 18.4792
3265 18.4782 18.486
3270 18.4686 18.4687
3275 18.4109 18.3214
3280 18.4432 18.4563
3285 18.3751 18.3172
3290 18.4294 18.4434
3295 18.3624 18.3239
3300 18.4693 18.4816
3305 18.4999 18.4999
3310 18.4997 18.4997
3315 18.4964 18.4962
3320 18.4966 18.4977
3325 18.4954 18.4885
3330 18.4884 18.4836
3335 18.469 18.4369
3340 18.4514 18.4448
3345 18.4672 18.4738
3350 18.4452 18.4264
3355 18.5194 18.5063
3360 18.4997 18.4997
3365 18.4941 18.4242
3370 18.4999 18.4999
3375 18.5384 18.4312
3380 18.4744 18.4657
3385 18.4472 18.4297
3390 18.5912 18.5297
3395 18.514 18.5033
3400 18.5137 18.3484
3405 18.5398 18.5066
3410 18.4612 18.0964
3415 18.4604 18.4736
3420 18.4536 18.4641
3425 18.5391 18.5064
3430 18.5095 18.4707
3435 18.5345 18.49
3440 18.4972 18.4978
3445 18.492 18.4598
3450 18.479 18.4798
3455 18.4998 18.4998
3460 18.4873 18.4713
3465 18.5199 18.4949
3470 18.4972 18.4922
3475 18.5496 18.3897
3480 18.4125 18.3506
3485 18.5278 18.5116
3490 18.415 18.272
3495 18.4998 18.4998
3500 18.4999 18.4999
3505 18.4922 18.4944
3510 18.4936 18.4942
3515 18.4583 18.2773
3520 18.4996 18.4997
3525 18.4653 18.4626
3530 18.4697 18.4723
3535 18.3785 18.1779
3540 18.7408 18.506
3545 18.4996 18.4996
3550 18.4937 18.4612
3555 18.5275 18.5115
3560 18.4996 18.4996
3565 18.5125 18.5009
3570 18.4987 18.4822
3575 18.4711 18.4449
3580 18.4641 18.4578
3585 18.544 18.5247
3590 18.5343 18.5041
3595 18.4997 18.4997
3600 18.4997 18.4997
3605 18.5049 18.5026
3610 18.4966 18.4921
3615 18.5071 18.5045
3620 18.5152 18.4877
3625 18.4881 18.4676
3630 18.5299 18.4841
3635 18.4882 18.4732
3640 18.5214 18.5087
3645 18.4943 18.4903
3650 18.4998 18.4998
3655 18.4913 18.4885
3660 18.5827 18.4101
3665 18.5233 18.4977
3670 18.5108 18.0785
3675 18.3998 18.419
3680 18.3276 18.2767
3685 18.4254 18.4451
3690 18.3849 18.3756
3695 18.4994 18.4994
3700 18.4995 18.4995
3705 18.5392 18.4662
3710 18.5147 18.5039
3715 18.4973 18.4927
3720 18.5144 18.5023
3725 18.5037 18.4792
3730 18.5188 18.4778
3735 18.5293 18.4789
3740 18.4896 18.4853
3745 18.4838 18.4788
3750 18.5428 18.4642
3755 18.5239 18.4947
3760 18.4933 18.4547
3765 18.5106 18.5012
3770 18.4976 18.498
3775 18.4935 18.4516
3780 18.4767 18.4766
3785 18.4132 18.2737
3790 18.3382 18.3081
3795 18.4647 18.4774
3800 18.5225 18.5086
3805 18.5175 18.4946
3810 18.4943 18.4798
3815 18.533 18.5003
3820 18.5009 18.2821
3825 18.45 18.4592
3830 18.4988 18.4989
3835 18.5104 18.5013
3840 18.4841 18.214
3845 18.5582 18.5186
3850 18.4274 18.2855
3855 18.4716 18.4812
3860 18.4756 18.48
3865 18.5304 18.5024
3870 18.492 18.4468
3875 18.4752 18.4753
3880 18.4288 18.3472
3885 18.5497 18.5139
3890 18.4647 18.4214
3895 18.499 18.4991
3900 18.4484 18.3529
3905 18.5241 18.51
3910 18.499 18.499
3915 18.5098 18.4886
3920 18.5095 18.4979
3925 18.4978 18.4918
3930 18.4875 18.4696
3935 18.4302 18.3008
3940 18.47 18.479
3945 18.5188 18.5066
3950 18.5066 18.4989
3955 18.4969 18.442
3960 18.5328 18.5148
3965 18.4928 18.4896
3970 18.509 18.5055
3975 18.5329 18.453
3980 18.4811 18.4782
3985 18.5195 18.4959
3990 18.502 18.4922
3995 18.4962 18.4967
4000 18.4993 18.4993
4005 18.4979 18.4645
4010 18.4988 18.4988
4015 18.5093 18.5058
4020 18.4991 18.499
4025 18.4857 18.4743
4030 18.5107 18.507
4035 18.5081 18.5043
4040 18.4825 18.4558
4045 18.5267 18.5123
4050 18.5652 18.2909
4055 18.5203 18.5074
4060 18.4433 18.3499
4065 18.4297 18.4326
4070 18.5707 18.5102
4075 18.514 18.4513
4080 18.5228 18.5084
4085 18.4982 18.4982
4090 18.4926 18.4886
4095 18.4902 18.4877
4100 18.4778 18.4691
4105 18.4835 18.4829
4110 18.5621 18.5097
4115 18.5233 18.2922
4120 18.5248 18.5111
4125 18.4317 18.3415
4130 18.4993 18.4993
4135 18.4546 18.4508
4140 18.5519 18.4993
4145 18.4973 18.4917
4150 18.4776 18.3777
4155 18.4005 18.3592
4160 18.2178 17.9813
4165 18.3159 18.342
4170 18.644 18.5528
4175 18.4102 18.3586
4180 18.4976 18.4978
4185 18.4205 18.3665
4190 18.6364 18.4959
4195 18.5004 18.4913
4200 18.498 18.498
4205 18.4949 18.4887
4210 18.4811 18.4431
4215 18.4724 18.4731
4220 18.5377 18.4908
4225 18.4996 18.4982
4230 18.501 18.4619
4235 18.4971 18.4971
4240 18.511 18.4741
4245 18.5393 18.4609
4250 18.4504 18.3482
4255 18.596 18.5031
4260 18.4899 18.4251
4265 18.4272 18.3875
4270 18.4272 18.4244
4275 18.5205 18.5075
4280 18.4657 18.4513
4285 18.4687 18.4693
4290 18.4697 18.4717
4295 18.4974 18.4975
4300 18.4765 18.4616
4305 18.4234 18.3366
4310 18.5235 18.5094
4315 18.4137 18.3085
4320 18.3546 18.3196
4325 18.4952 18.4954
4330 18.4628 18.4678
4335 18.4965 18.4966
4340 18.4357 18.3548
4345 18.4977 18.4978
4350 18.5086 18.4999
4355 18.4785 18.4109
4360 18.4968 18.4969
4365 18.5328 18.4659
4370 18.4989 18.4989
4375 18.5013 18.4984
4380 18.4816 18.4547
4385 18.4972 18.4971
4390 18.5429 18.4952
4395 18.4945 18.4938
4400 18.4924 18.4853
4405 18.4978 18.4979
4410 18.4905 18.4701
4415 18.4332 18.2823
4420 18.5512 18.5164
4425 18.436 18.3466
4430 18.4449 18.4523
4435 18.4341 18.4309
4440 18.4036 18.3814
4445 18.4456 18.4561
4450 18.3444 18.2273
4455 18.6967 18.5339
4460 18.4244 18.158
4465 18.4614 18.472
4470 18.4943 18.4945
4475 18.5205 18.4972
4480 18.4919 18.4862
4485 18.4767 18.4418
4490 18.5188 18.4957
4495 18.4948 18.49
4500 18.4983 18.4964
4505 18.5109 18.3627
4510 18.4016 18.358
4515 18.5451 18.5119
4520 18.4948 18.4949
4525 18.4852 18.4814
4530 18.5053 18.4869
4535 18.487 18.4746
4540 18.4959 18.4921
4545 18.5126 18.4844
4550 18.4819 18.4428
4555 18.449 18.4284
4560 18.4671 18.471
4565 18.4764 18.4792
4570 18.5155 18.4946
4575 18.492 18.4839
4580 18.4887 18.4885
4585 18.4949 18.4895
4590 18.5002 18.4911
4595 18.4872 18.4864
4600 18.4739 18.4227
4605 18.4771 18.4802
4610 18.5246 18.4845
4615 18.487 18.4836
4620 18.5335 18.4192
4625 18.4718 18.4677
4630 18.4303 18.4022
4635 18.5292 18.5025
4640 18.4972 18.4801
4645 18.5094 18.418
4650 18.4942 18.4861
4655 18.4669 18.431
4660 18.4984 18.4902
4665 18.48 18.4745
4670 18.4979 18.4797
4675 18.4952 18.4159
4680 18.4687 18.4701
4685 18.4995 18.4788
4690 18.4801 18.4339
4695 18.4711 18.4676
4700 18.4313 18.4177
4705 18.506 18.4965
4710 18.4952 18.4772
4715 18.4845 18.4416
4720 18.4943 18.4879
4725 18.4842 18.484
4730 18.4858 18.4166
4735 18.4215 18.3728
4740 18.3808 18.3427
4745 18.3278 18.3082
4750 18.5148 18.4996
4755 18.5063 18.463
4760 18.4725 18.4534
4765 18.4474 18.4296
4770 18.4897 18.4821
4775 18.4767 18.462
4780 18.4744 18.4737
4785 18.4735 18.4689
4790 18.463 18.4385
4795 18.531 18.3485
4800 18.4827 18.4756
4805 18.4622 18.4571
4810 18.4742 18.4254
4815 18.4347 18.3752
4820 18.4242 18.4281
4825 18.4716 18.4487
4830 18.4443 18.422
4835 18.429 18.4152
4840 18.3895 18.3561
4845 18.3175 18.2687
4850 18.121 17.9204
4855 18.3956 18.3967
4860 18.4084 18.4182
4865 18.4106 18.4135
4870 18.4496 18.4516
4875 18.3886 18.3847
4880 18.4332 18.4316
4885 18.4241 18.4072
4890 18.3271 18.2491
4895 18.2897 18.2514
4900 18.2666 18.2274
4905 18.2808 18.2736
4910 18.3228 18.3116
4915 18.386 18.3795
4920 18.2852 18.2635
4925 18.3303 18.2112
4930 18.2578 18.2513
4935 18.2445 18.2309
4940 18.2277 18.0794
4945 18.2358 18.2389
4950 18.2126 18.1701
4955 18.1947 18.0137
4960 18.0473 18.0534
4965 18.1241 18.1265
4970 18.0818 18.0412
4975 18.209 18.0046
4980 18.2756 18.2878
4985 18.0899 18.0926
4990 18.1391 18.1191
4995 18.0366 18.0044
5000 18.3608 18.2611
5005 17.8134 17.7568
5010 17.855 17.8498
5015 17.9286 17.8841
5020 18.0913 17.9428
5025 17.7156 17.712
5030 18.0519 17.795
5035 17.5997 16.9892
5040 17.815 17.8303
5045 17.8795 17.3925
5050 17.9242 17.9762
5055 17.813 17.8784
5060 18.0131 17.8017
5065 17.8623 17.488
5070 17.373 17.4797
5075 17.5534 17.6206
5080 17.9641 17.7438
5085 17.8188 17.3308
5090 17.4169 17.5282
5095 17.6632 17.5231
5100 17.6567 17.7046
5105 17.471 17.4086
5110 17.8644 16.9653
5115 17.325 16.9034
5120 17.8278 18.0679
5125 17.6271 17.6076
5130 17.9032 16.3945
5135 16.9762 17.2574
5140 17.8616 17.7623
5145 17.8466 17.8129
5150 17.6922 17.0353
5155 17.3956 17.2694
5160 17.7475 17.1727
5165 17.1377 17.229
5170 16.8229 16.7809
5175 16.8803 16.9323
5180 17.4238 17.609
5185 17.4974 17.2025
5190 17.2199 17.0432
5195 17.8047 17.8346
5200 17.3938 17.4172
5205 17.273 17.0976
5210 17.5738 17.2345
5215 17.5989 17.671
5220 16.938 16.8494
5225 17.0777 16.8816
5230 16.7841 16.7705
5235 17.4261 16.9487
5240 16.9443 17.0537
5245 16.7333 16.8404
5250 17.4391 17.1933
5255 16.7802 16.9746
5260 17.4682 16.7742
5265 16.8895 16.796
5270 17.7341 17.7618
5275 17.1054 16.9622
5280 17.0672 17.1271
5285 17.2466 17.2364
5290 17.3161 17.3451
5295 16.9161 16.9269
5300 17.5527 17.4052
5305 17.0801 17.1491
5310 17.5932 17.5966
5315 17.7028 17.3342
5320 16.9206 16.9154
5325 16.8908 16.8819
5330 16.9497 16.6837
5335 17.2409 17.2645
5340 17.9164 17.2494
5345 16.3659 16.4667
5350 16.7638 16.8524
5355 17.5238 17.2926
5360 16.7041 16.5814
5365 16.5291 16.296
5370 16.5497 16.6089
5375 16.9484 17.0314
5380 17.1264 17.0446
5385 16.2956 16.0153
5390 17.1769 17.1332
5395 16.9631 16.8435
5400 17.0304 17.0286
5405 16.6403 16.3503
5410 16.7598 16.7821
5415 16.1548 16.2257
5420 17.4336 17.4084
5425 16.3288 16.3179
5430 16.7389 16.0624
5435 15.0222 14.7384
5440 15.3188 15.6765
5445 16.5926 16.3027
5450 15.2197 15.3984
5455 16.4782 16.7092
5460 16.6891 16.4855
5465 15.611 14.2202
5470 15.5072 15.8992
5475 16.5101 16.2051
5480 15.0162 14.7034
5485 15.23 15.5644
5490 16.7474 16.5724
5495 16.258 16.1618
5500 16.4528 15.4347
5505 15.9953 16.3462
5510 15.6641 14.7354
5515 15.7884 16.1828
5520 16.7042 16.1364
5525 15.6193 15.8412
5530 15.556 14.7913
5535 14.2942 13.3225
5540 14.6192 14.6413
5545 15.4154 15.7641
5550 14.0924 14.9817
5555 15.79 15.851
5560 15.0452 13.6025
5565 13.8877 13.9022
5570 14.7415 15.5015
5575 16.0756 15.9896
5580 15.9983 14.9967
5585 15.3928 14.9296
5590 15.01 16.8308
5595 15.8841 14.8662
5600 15.9633 15.3788
5605 15.2321 16.2138
5610 16.2254 14.1227
5615 14.891 14.5148
5620 15.1793 12.3196
5625 12.4677 16.0217
5630 15.7606 15.6022
5635 17.0945 16.9721
5640 17.8753 15.8837
5645 13.589 15.3098
5650 16.5637 12.4675
5655 14.1241 11.9198
5660 11.3192 13.1743
5665 14.81 16.0547
5670 15.8078 14.6299
5675 14.4398 13.8829
5680 14.962 13.3187
5685 14.5114 11.2415
5690 11.0407 13.2627
5695 14.7717 10.78
5700 9.95661 8.89606
5705 9.11886 8.67991
5710 8.8047 10.845
5715 11.1573 9.63209
5720 10.3987 12.0021
5725 10.7077 13.1726
5730 15.2164 12.9312
5735 12.7645 11.7711
5740 9.97839 8.94522
5745 10.2557 12.3564
5750 14.3833 11.8594
5755 10.7203 9.29755
5760 12.6008 13.1788
5765 12.3332 9.48966
5770 10.5975 10.6554
5775 11.2743 11.7798
5780 11.3026 7.56734
5785 11.1211 8.71679
5790 9.1192 8.24737
5795 9.35494 9.68994
5800 12.4865 11.9394
5805 10.8813 11.4373
5810 14.2549 6.25144
5815 7.03364 5.72959
5820 11.1326 13.3774
5825 13.7276 11.2058
5830 14.916 14.2755
5835 13.7987 11.0239
5840 11.3728 7.32884
5845 8.24803 8.13089
5850 9.16704 10.5134
5855 10.1421 9.96673
5860 11.5999 8.17778
5865 8.41575 18.3607
5870 17.4392 8.50339
5875 10.2271 9.69031
5880 11.5189 9.89906
5885 14.3652 10.8845
5890 11.3307 12.0231
5895 10.9455 9.119
5900 9.77696 9.89419
5905 13.0696 9.99179
5910 9.39303 6.26134
5915 8.43882 5.97644
5920 7.70033 9.2541
5925 11.8827 8.14478
5930 8.20381 9.49681
5935 11.9887 8.84023
5940 11.2919 8.5242
5945 8.79537 8.38136
5950 6.68561 5.45916
5955 6.12974 5.69069
5960 9.55076 10.6069
5965 12.0654 11.1625
5970 10.8888 12.1782
5975 10.2515 5.42375
5980 8.83871 10.9309
5985 9.67506 6.09511
5990 8.09326 7.25801
5995 8.12081 6.16246
6000 10.0538 8.90294
6005 10.902 10.5369
6010 9.41758 7.36848
6015 7.78388 6.99545
6020 11.9147 10.6097
6025 10.3425 9.32067
6030 10.9268 9.01958
6035 9.30272 7.2806
6040 9.22776 6.93734
6045 6.77626 5.42122
6050 7.488 6.67169
6055 11.0628 9.57628
6060 12.0108 13.7448
6065 13.456 9.33042
6070 11.9238 5.06969
6075 9.33093 10.368
6080 8.8073 7.07696
6085 9.01024 4.84492
6090 8.27593 6.45117
6095 4.51767 3.46133
6100 9.55591 9.33261
6105 7.5735 5.72899
6110 4.56637 3.54935
6115 6.3992 6.93831
6120 5.58853 3.48524
6125 8.69269 8.72124
6130 6.44933 5.28666
6135 10.173 13.4576
6140 13.9418 13.3569
6145 11.3488 9.56127
6150 9.11999 6.30729
6155 9.58547 4.85053
6160 6.49346 5.65997
6165 7.00605 4.65364
6170 8.13304 9.3219
6175 9.58595 7.11407
6180 6.44226 5.95825
6185 8.21016 5.65888
6190 9.48207 8.25013
6195 9.45993 9.36812
6200 6.76428 5.69526
6205 7.19754 5.17466
6210 6.18793 4.98153
6215 8.95685 8.81289
6220 12.845 10.0592
6225 9.28456 6.88871
6230 8.03497 5.45908
6235 9.6729 5.7581
6240 11.2567 9.98233
6245 10.9114 9.48187
6250 7.23296 5.32842
6255 11.2939 8.3407
6260 6.65437 5.02053
6265 8.24016 11.6274
6270 11.8043 12.1662
6275 13.0522 5.59289
6280 7.05114 6.5275
6285 8.40278 6.01481
6290 8.9094 8.36537
6295 8.25624 6.86959
6300 8.05642 8.03869
6305 10.9835 8.40161
6310 9.1624 6.44265
6315 7.23941 6.94436
6320 7.34388 5.50373
6325 8.19087 6.73597
6330 6.34085 4.80046
6335 6.96944 5.39271
6340 5.71352 4.53208
6345 9.39829 8.06867
6350 6.4844 4.13181
6355 7.13924 7.55499
6360 5.61256 4.80675
6365 8.40026 7.57593
6370 7.73721 7.9236
6375 10.1986 9.89174
6380 7.15144 5.87467
6385 7.46996 6.03324
6390 7.33 6.98023
6395 5.59992 4.48687
6400 4.77747 4.47344
6405 5.70665 4.23746
6410 6.70637 4.69605
6415 6.48449 6.69737
6420 8.46826 5.84694
6425 10.3032 8.49615
6430 10.5924 8.53864
6435 10.0406 5.14611
6440 6.58202 8.76445
6445 8.4055 4.66359
6450 4.505 3.00337
6455 5.58649 6.23732
6460 9.15856 7.30006
6465 6.97593 3.724
6470 6.165 4.89824
6475 7.48881 5.02029
6480 6.14943 4.864
6485 5.66902 3.10646
6490 7.61558 6.04006
6495 5.98018 4.61806
6500 6.5059 6.51018
6505 5.53676 3.85682
6510 7.19473 5.51038
6515 5.17933 3.96025
6520 8.11504 6.68579
6525 6.30942 3.66271
6530 8.69191 5.24992
6535 6.07936 3.40681
6540 5.76193 4.90286
6545 3.58915 3.30535
6550 7.04595 5.03523
6555 7.52678 6.13444
6560 8.08009 6.42844
6565 9.14079 6.71168
6570 8.6073 5.64811
6575 5.61827 4.43143
6580 6.88921 4.28612
6585 5.24084 5.22784
6590 8.07498 5.80861
6595 7.20968 14.1548
6600 13.5939 3.97193
6605 5.03373 4.63911
6610 6.65054 2.82212
6615 4.95186 2.68088
6620 4.65755 3.77734
6625 6.30284 7.45525
6630 8.72858 9.99335
6635 12.2433 6.34555
6640 9.22845 5.03929
6645 7.78192 6.62285
6650 8.61864 3.54812
6655 6.11702 4.08465
6660 8.18967 4.43461
6665 5.58003 5.92632
6670 9.67161 5.71978
6675 6.92541 5.28331
6680 8.34972 4.57006
6685 4.2187 2.78911
6690 5.00079 3.63278
6695 6.87172 9.88846
6700 9.39397 4.84378
6705 6.21297 3.35943
6710 4.89884 3.46619
6715 7.01438 6.02496
6720 6.34875 4.35885
6725 6.40679 5.11026
6730 4.50998 2.79775
6735 9.21494 6.3169
6740 8.70704 7.76519
6745 9.62427 6.64399
6750 8.71222 11.2204
6755 12.5316 6.26214
6760 8.90988 6.54285
6765 6.31823 3.98295
6770 5.01147 2.58169
6775 4.48626 2.62858
6780 6.32976 3.87431
6785 2.96691 2.97365
6790 6.66454 4.61236
6795 5.78908 4.30726
6800 5.30596 3.86352
6805 4.73774 3.42076
6810 6.62911 5.20594
6815 5.75075 3.625
6820 6.88156 3.5196
6825 10.2688 3.82012
6830 4.26308 3.42496
6835 5.0623 5.03678
6840 7.70295 4.20722
6845 4.36961 3.2336
6850 8.37126 3.06714
6855 5.02149 2.64188
6860 8.85179 5.44807
6865 6.53683 3.921
6870 6.25609 4.14911
6875 6.76817 4.37839
6880 6.24772 3.054
6885 7.05116 4.64146
6890 5.07773 3.24829
6895 6.05974 4.34094
6900 4.52623 3.261
6905 5.32133 3.3287
6910 3.11524 3.01439
6915 4.40328 2.30763
6920 5.37034 3.03533
6925 7.55609 4.07726
6930 4.51782 3.61289
6935 4.07853 3.17276
6940 5.69873 3.51925
6945 4.45947 2.98288
6950 2.93367 2.95567
6955 6.09572 5.24672
6960 6.60739 4.2273
6965 4.06101 3.17745
6970 4.0083 17.5985
6975 16.8163 2.46538
6980 2.71632 1.70176
6985 3.48213 2.01986
6990 4.20107 3.34496
6995 6.54424 4.29627
7000 4.76452 2.04037
7005 5.15847 2.71327
7010 5.42928 3.06544
7015 3.43053 1.82808
7020 5.78022 3.9503
7025 5.62776 3.46946
7030 4.92576 2.77213
7035 3.87216 2.90255
7040 5.98541 4.74096
7045 6.97867 5.96161
7050 7.35628 4.82526
7055 6.43132 4.03516
7060 6.60604 3.93601
7065 4.31015 3.47625
7070 5.27853 3.32409
7075 4.05108 3.80476
7080 4.11173 3.06566
7085 3.78846 3.75295
7090 7.3257 4.98208
7095 6.65697 3.54521
7100 5.20762 3.26862
7105 6.0119 3.95451
7110 5.05033 3.87987
7115 5.95935 1.9119
7120 3.54944 1.80078
7125 3.11512 1.49607
7130 7.07111 2.54961
7135 5.25645 4.43061
7140 3.6767 2.77445
7145 4.21268 2.91965
7150 3.05744 2.98783
7155 5.04857 4.6614
7160 4.90835 6.90503
7165 9.93968 3.64818
7170 3.94269 2.08209
7175 5.8072 2.8679
7180 3.53535 1.71043
7185 4.02508 1.57302
7190 4.41339 2.53921
7195 3.49671 2.45834
7200 4.19695 2.88157
7205 4.95698 2.64724
7210 3.85786 2.79493
7215 3.65352 1.65123
7220 4.94369 3.50687
7225 4.32285 1.74138
7230 3.82796 1.69321
7235 2.51294 2.16567
7240 3.96616 3.50003
7245 3.53593 3.1838
7250 3.51357 1.36296
7255 1.75916 1.16609
7260 3.56022 1.34528
7265 5.72765 2.37677
7270 2.35739 1.15176
7275 7.10203 3.30606
7280 4.45743 3.04789
7285 3.50336 1.44325
7290 4.92894 2.33164
7295 6.16166 2.385
7300 4.99071 3.40577
7305 6.0166 1.45283
7310 4.5885 3.48688
7315 5.30899 1.76671
7320 4.12239 3.06611
7325 4.45369 2.66266
7330 4.7768 2.95413
7335 5.1107 2.48032
7340 3.99303 2.93797
7345 3.99614 2.32592
7350 2.01487 1.45269
7355 4.80622 2.41612
7360 5.21092 1.64997
7365 5.65927 2.59043
7370 3.92768 3.29537
7375 3.22227 1.79354
7380 5.46202 2.04956
7385 2.1243 1.28849
7390 6.86922 1.42451
7395 3.09839 1.84015
7400 2.45253 2.18671
7405 3.08761 2.13571
7410 3.39654 3.0612
7415 2.89516 1.31948
7420 3.80547 2.07593
7425 2.78248 2.23927
7430 3.09037 2.22511
7435 2.15699 2.2009
7440 2.29539 1.38955
7445 3.71 3.74277
7450 5.18417 2.74717
7455 2.73665 1.42353
7460 3.12586 2.59197
7465 5.33346 1.34356
7470 2.79384 1.16769
7475 3.21805 2.82524
7480 4.06915 2.2615
7485 3.15762 5.23234
7490 5.62859 2.06117
7495 5.26719 3.09632
7500 3.71384 2.26852
7505 5.23324 2.00928
7510 3.47151 4.06389
7515 7.34082 1.43468
7520 4.27922 2.22019
7525 3.30898 2.29277
7530 4.03217 1.37859
7535 4.92407 2.24756
7540 2.47294 1.1276
7545 2.97107 2.25566
7550 3.75553 2.29006
7555 3.83562 1.08212
7560 4.52215 3.2327
7565 5.12742 2.05844
7570 4.56311 1.35296
7575 2.38969 2.12529
7580 4.31731 1.80395
7585 4.91443 3.34983
7590 3.77487 2.54039
7595 4.63123 1.80512
7600 7.411 2.27012
7605 3.34447 1.27075
7610 3.14664 2.9553
7615 3.20975 2.2439
7620 3.82526 1.84592
7625 2.99946 1.26421
7630 4.96305 2.39927
7635 3.56528 1.86414
7640 4.96782 1.11355
7645 3.00396 1.98508
7650 3.29889 1.33354
7655 1.93326 2.15061
7660 2.09576 2.20037
7665 3.80777 2.28704
7670 5.29547 6.21112
7675 6.2702 1.51923
7680 3.26004 1.24908
7685 5.25026 1.88328
7690 4.4669 2.24772
7695 3.04291 2.26605
7700 2.26178 1.08234
7705 3.92905 1.3809
7710 2.26238 0.874391
7715 2.56713 1.91519
7720 3.78997 2.26498
7725 4.31489 2.11404
7730 1.55749 1.13484
7735 4.20673 1.29069
7740 7.14328 1.86686
7745 3.27475 2.45525
7750 3.18021 2.24378
7755 2.46246 2.19533
7760 3.17795 2.34942
7765 3.87631 2.24901
7770 2.94066 2.25025
7775 3.41816 1.10622
7780 4.5951 3.96701
7785 3.45988 2.41905
7790 3.84072 2.43817
