5 18.3856 18.4262
10 18.5 18.5
15 18.5822 18.536
20 18.6421 18.3138
25 18.3735 18.3538
30 18.4401 18.4739
35 18.526 18.4653
40 18.5 18.5
45 18.5721 18.4684
50 18.5 18.5
55 18.5 18.5
60 18.5146 18.5114
65 18.5596 18.4297
70 18.4859 18.4989
75 18.501 18.4847
80 18.5314 18.512
85 18.5168 18.4932
90 18.4974 18.5025
95 18.493 18.4182
100 18.5533 18.5221
105 18.4887 18.4798
110 18.4798 18.4758
115 18.5726 18.5118
120 18.5 18.5
125 18.5 18.5
130 18.5 18.5
135 18.4464 18.3926
140 18.5602 18.5265
145 18.515 18.5102
150 18.5347 18.4777
155 18.5128 18.4653
160 18.5302 18.5136
165 18.5073 18.5074
170 18.5086 18.5065
175 18.4881 18.4551
180 18.5473 18.5169
185 18.5 18.5
190 18.4651 18.411
195 18.4717 18.473
200 18.5 18.5
205 18.5418 18.5177
210 18.5091 18.508
215 18.5489 18.3811
220 18.4638 18.4857
225 18.478 18.4748
230 18.4828 18.4908
235 18.5047 18.4886
240 18.4766 18.4526
245 18.5453 18.5194
250 18.5186 18.5078
255 18.5046 18.5046
260 18.4863 18.4213
265 18.5931 18.5018
270 18.5009 18.4964
275 18.5 18.5
280 18.5152 18.5047
285 18.5 18.5
290 18.5282 18.4904
295 18.5035 18.4887
300 18.5093 18.508
305 18.5 18.5
310 18.5591 18.4535
315 18.4908 18.4989
320 18.5035 18.4321
325 18.4354 18.4014
330 18.7695 18.3923
335 18.5138 18.494
340 18.5117 18.4996
345 18.4998 18.5034
350 18.4963 18.4858
355 18.5 18.5
360 18.4731 18.4531
365 18.6682 18.3858
370 18.5334 18.4811
375 18.592 18.1091
380 18.6303 18.4904
385 18.4971 18.4865
390 18.5123 18.5091
395 18.4588 18.3732
400 18.4691 18.4718
405 18.6411 18.4868
410 18.4892 18.4375
415 18.4564 18.4583
420 18.5332 18.4815
425 18.509 18.5058
430 18.5197 18.4656
435 18.5 18.5
440 18.5038 18.5029
445 18.5 18.5
450 18.5 18.5
455 18.4897 18.4834
460 18.4807 18.4775
465 18.5438 18.5163
470 18.5147 18.5024
475 18.4974 18.4651
480 18.4838 18.4802
485 18.6355 18.4051
490 18.4562 18.4483
495 18.5156 18.4961
500 18.5168 18.4532
505 18.5114 18.4944
510 18.5168 18.4847
515 18.5105 18.4733
520 18.5119 18.5086
525 18.491 18.4844
530 18.5304 18.5119
535 18.4936 18.4856
540 18.5131 18.5092
545 18.5594 18.3989
550 18.4843 18.4951
555 18.4791 18.439
560 18.532 18.4847
565 18.5235 18.4854
570 18.4914 18.4914
575 18.509 18.4742
580 18.4868 18.4822
585 18.4822 18.4797
590 18.5214 18.5133
595 18.5115 18.5083
600 18.5 18.5
605 18.4886 18.483
610 18.5302 18.5119
615 18.4939 18.4864
620 18.5266 18.5099
625 18.5 18.5
630 18.4442 18.2655
635 18.5 18.5
640 18.5245 18.5155
645 18.5 18.5
650 18.4531 18.4177
655 18.3558 18.2776
660 18.5867 18.546
665 18.5875 18.5024
670 18.503 18.42
675 18.5 18.5
680 18.4955 18.4976
685 18.4979 18.5006
690 18.506 18.0906
695 18.3228 18.341
700 18.4036 18.4395
705 18.4307 18.4382
710 18.5206 18.5004
715 18.4997 18.5018
720 18.496 18.4695
725 18.4844 18.4813
730 18.5 18.5
735 18.5157 18.5103
740 18.5402 18.4789
745 18.5 18.5
750 18.4971 18.4884
755 18.5716 18.3903
760 18.5 18.5
765 18.5 18.5
770 18.4911 18.4674
775 18.45 18.4179
780 18.7493 18.3569
785 18.5322 18.4884
790 18.5244 18.4549
795 18.4905 18.4969
800 18.4753 18.2734
805 18.3852 18.3886
810 18.4467 18.4703
815 18.435 18.4149
820 18.4574 18.4708
825 18.5292 18.4876
830 18.5124 18.5006
835 18.5006 18.4952
840 18.4972 18.4982
845 18.5106 18.3141
850 18.5535 18.5265
855 18.5 18.5
860 18.5241 18.5094
865 18.5108 18.4984
870 18.4984 18.4911
875 18.496 18.4995
880 18.4975 18.4109
885 18.5 18.5
890 18.4841 18.4695
895 18.5 18.5
900 18.5002 18.5017
905 18.5019 18.5014
910 18.5056 18.4497
915 18.5368 18.4669
920 18.5 18.5
925 18.5255 18.5063
930 18.4879 18.4064
935 18.5653 18.5183
940 18.5 18.5
945 18.4726 18.433
950 18.6563 18.4167
955 18.3874 18.0641
960 18.2697 18.2859
965 18.6756 18.4997
970 18.5002 18.4786
975 18.486 18.4869
980 18.4395 18.1713
985 18.4578 18.4758
990 18.5219 18.5026
995 18.4874 18.4138
1000 18.4828 18.4917
1005 18.5305 18.4602
1010 18.5398 18.4922
1015 18.4934 18.4717
1020 18.5095 18.4963
1025 18.5161 18.4517
1030 18.473 18.4693
1035 18.4866 18.4923
1040 18.4591 18.3603
1045 18.2724 18.0355
1050 18.5536 18.5189
1055 18.4102 18.3602
1060 18.5882 18.4944
1065 18.5033 18.4964
1070 18.4978 18.4983
1075 18.4966 18.4882
1080 18.5 18.5
1085 18.5 18.5
1090 18.4945 18.4881
1095 18.5212 18.5078
1100 18.5078 18.5
1105 18.5001 18.1479
1110 18.4661 18.4841
1115 18.3713 18.2158
1120 18.4572 18.4749
1125 18.336 18.2108
1130 18.5381 18.5107
1135 18.4561 18.4262
1140 18.5369 18.4948
1145 18.4973 18.4899
1150 18.4893 18.4849
1155 18.5453 18.5025
1160 18.5017 18.4913
1165 18.4835 18.4372
1170 18.4402 18.417
1175 18.6117 18.4344
1180 18.5767 18.4178
1185 18.4017 18.2362
1190 18.402 18.429
1195 18.3817 18.3604
1200 18.4708 18.485
1205 18.4678 18.4726
1210 18.4216 18.3356
1215 18.5842 18.4956
1220 18.4971 18.4741
1225 18.5817 18.4223
1230 18.5398 18.4721
1235 18.533 18.4777
1240 18.5 18.5
1245 18.5133 18.2541
1250 18.5615 18.5084
1255 18.4924 18.4898
1260 18.495 18.4983
1265 18.5 18.5
1270 18.5128 18.4653
1275 18.5 18.5
1280 18.4987 18.4361
1285 18.5134 18.4991
1290 18.495 18.3699
1295 18.526 18.5169
1300 18.4518 18.4219
1305 18.5226 18.5148
1310 18.5162 18.5105
1315 18.53 18.4974
1320 18.5018 18.4773
1325 18.4884 18.4848
1330 18.5283 18.5116
1335 18.5219 18.4816
1340 18.4674 18.3569
1345 18.478 18.4884
1350 18.4762 18.4788
1355 18.5341 18.4706
1360 18.5522 18.4225
1365 18.5 18.5
1370 18.4784 18.291
1375 18.4471 18.4648
1380 18.5 18.5
1385 18.4323 18.2026
1390 18.5708 18.5137
1395 18.4725 18.4363
1400 18.5163 18.5012
1405 18.4955 18.455
1410 18.5 18.5
1415 18.4922 18.453
1420 18.437 18.3773
1425 18.5816 18.4962
1430 18.5097 18.2371
1435 18.529 18.5076
1440 18.5253 18.4666
1445 18.5966 18.2822
1450 18.4772 18.4877
1455 18.5129 18.4995
1460 18.5 18.5
1465 18.5 18.5
1470 18.5131 18.5011
1475 18.4983 18.4531
1480 18.5356 18.5134
1485 18.5346 18.4037
1490 18.4358 18.4142
1495 18.4591 18.4707
1500 18.4034 18.3065
1505 18.371 18.37
1510 18.4409 18.4611
1515 18.455 18.4621
1520 18.3707 18.2213
1525 18.5817 18.5216
1530 18.4684 18.453
1535 18.4709 18.4755
1540 18.4485 18.4161
1545 18.4729 18.4794
1550 18.5 18.5
1555 18.4809 18.461
1560 18.5 18.5
1565 18.4758 18.3764
1570 18.4607 18.4714
1575 18.53 18.4942
1580 18.4911 18.4498
1585 18.5 18.5
1590 18.5287 18.5114
1595 18.516 18.4951
1600 18.4911 18.4128
1605 18.6129 18.3982
1610 18.5 18.5
1615 18.5162 18.51
1620 18.5195 18.5022
1625 18.5 18.5
1630 18.5045 18.5035
1635 18.5035 18.5028
1640 18.5032 18.5017
1645 18.5016 18.5013
1650 18.4969 18.4745
1655 18.5309 18.5023
1660 18.5008 18.5009
1665 18.5069 18.3171
1670 18.4254 18.4308
1675 18.5451 18.5028
1680 18.4971 18.4897
1685 18.5217 18.4348
1690 18.5326 18.5127
1695 18.5309 18.4339
1700 18.5286 18.4933
1705 18.494 18.4737
1710 18.5927 18.4089
1715 18.5397 18.4772
1720 18.508 18.5046
1725 18.5037 18.5029
1730 18.4861 18.4144
1735 18.4187 18.3768
1740 18.4699 18.4729
1745 18.4742 18.4763
1750 18.5237 18.5158
1755 18.466 18.4563
1760 18.4797 18.4799
1765 18.6815 18.3832
1770 18.5129 18.5
1775 18.5 18.5
1780 18.5 18.5
1785 18.5055 18.504
1790 18.5218 18.4351
1795 18.5124 18.4998
1800 18.5002 18.5007
1805 18.5 18.5
1810 18.5043 18.5027
1815 18.5 18.5
1820 18.4932 18.4878
1825 18.5286 18.4995
1830 18.4997 18.4947
1835 18.4939 18.4876
1840 18.5 18.5
1845 18.4974 18.4487
1850 18.4561 18.4373
1855 18.5348 18.4983
1860 18.5029 18.4731
1865 18.4234 18.121
1870 18.5821 18.5234
1875 18.5343 18.4766
1880 18.5319 18.4728
1885 18.5 18.5
1890 18.5002 18.5
1895 18.5 18.4627
1900 18.5204 18.4905
1905 18.5046 18.5031
1910 18.4967 18.4907
1915 18.5362 18.4797
1920 18.4908 18.4893
1925 18.4893 18.4885
1930 18.5 18.5
1935 18.4996 18.4947
1940 18.5 18.5
1945 18.5055 18.4448
1950 18.4739 18.4731
1955 18.3978 18.1901
1960 18.4225 18.4448
1965 18.3585 18.3202
1970 18.5668 18.5156
1975 18.4672 18.4289
1980 18.5339 18.4983
1985 18.5015 18.4958
1990 18.5 18.5
1995 18.4976 18.4776
2000 18.4879 18.485
2005 18.5 18.5
2010 18.6104 18.3329
2015 18.5194 18.5043
2020 18.4736 18.3576
2025 18.427 18.4269
2030 18.5232 18.5064
2035 18.5156 18.4862
2040 18.5052 18.5037
2045 18.5176 18.4591
2050 18.4831 18.4847
2055 18.4905 18.4928
2060 18.4928 18.4943
2065 18.4859 18.4725
2070 18.4665 18.4484
2075 18.5466 18.4849
2080 18.5089 18.5004
2085 18.5013 18.3778
2090 18.5209 18.5055
2095 18.4897 18.4862
2100 18.5068 18.4971
2105 18.5066 18.4948
2110 18.5 18.5
2115 18.5105 18.4294
2120 18.4391 18.4049
2125 18.4799 18.4888
2130 18.4781 18.4817
2135 18.4368 18.333
2140 18.4741 18.4849
2145 18.5475 18.486
2150 18.4955 18.4904
2155 18.5334 18.4958
2160 18.4946 18.4431
2165 18.5416 18.4818
2170 18.4827 18.4483
2175 18.5164 18.511
2180 18.4865 18.4835
2185 18.4859 18.484
2190 18.5285 18.5132
2195 18.5 18.5
2200 18.4658 18.4066
2205 18.4784 18.4789
2210 18.5962 18.5024
2215 18.503 18.4106
2220 18.4265 18.3901
2225 18.5 18.5
2230 18.5 18.5
2235 18.4918 18.4833
2240 18.5 18.5
2245 18.5019 18.4604
2250 18.5271 18.5104
2255 18.509 18.5004
2260 18.501 18.4526
2265 18.5249 18.4939
2270 18.5181 18.3822
2275 18.5191 18.5048
2280 18.4958 18.4978
2285 18.4867 18.3991
2290 18.5 18.5
2295 18.4853 18.4832
2300 18.4918 18.495
2305 18.4814 18.4554
2310 18.4711 18.4692
2315 18.4865 18.4912
2320 18.4317 18.2564
2325 18.4415 18.4591
2330 18.5 18.5
2335 18.5 18.5
2340 18.5 18.5
2345 18.5048 18.4845
2350 18.4789 18.45
2355 18.4577 18.4461
2360 18.3998 18.3204
2365 18.4693 18.4811
2370 18.4648 18.4722
2375 18.4834 18.488
2380 18.4789 18.4792
2385 18.4903 18.4944
2390 18.5125 18.4873
2395 18.5 18.5
2400 18.535 18.449
2405 18.4907 18.4946
2410 18.5061 18.4971
2415 18.4973 18.4916
2420 18.4749 18.4446
2425 18.5168 18.5114
2430 18.5327 18.5049
2435 18.4944 18.4568
2440 18.5454 18.5078
2445 18.5053 18.4941
2450 18.5027 18.4951
2455 18.5155 18.4858
2460 18.5047 18.4963
2465 18.5144 18.4628
2470 18.4728 18.459
2475 18.5 18.5
2480 18.5 18.5
2485 18.5 18.5
2490 18.4938 18.4766
2495 18.5736 18.4369
2500 18.4902 18.4938
2505 18.488 18.486
2510 18.4839 18.4794
2515 18.5091 18.499
2520 18.4953 18.4242
2525 18.5832 18.4866
2530 18.4974 18.4983
2535 18.5016 18.4946
2540 18.5052 18.5035
2545 18.5322 18.2998
2550 18.4473 18.4557
2555 18.4813 18.4891
2560 18.4727 18.4701
2565 18.4587 18.4467
2570 18.533 18.5001
2575 18.4998 18.466
2580 18.4495 18.3737
2585 18.5445 18.5065
2590 18.4855 18.438
2595 18.5159 18.5035
2600 18.4909 18.4734
2605 18.4558 18.4004
2610 18.5 18.5
2615 18.4645 18.4506
2620 18.4708 18.4754
2625 18.5 18.5
2630 18.4911 18.489
2635 18.4867 18.4813
2640 18.4727 18.4561
2645 18.4846 18.4885
2650 18.469 18.4565
2655 18.5434 18.4869
2660 18.4915 18.4756
2665 18.6125 18.3117
2670 18.4809 18.4887
2675 18.5117 18.5007
2680 18.4967 18.4508
2685 18.5398 18.4829
2690 18.5 18.5
2695 18.4921 18.4878
2700 18.5546 18.4605
2705 18.475 18.4546
2710 18.4856 18.4898
2715 18.5096 18.4996
2720 18.5024 18.3302
2725 18.4369 18.4425
2730 18.4789 18.4862
2735 18.5137 18.5021
2740 18.5043 18.4832
2745 18.5571 18.3852
2750 18.532 18.5001
2755 18.4999 18.4999
2760 18.493 18.4745
2765 18.5688 18.4364
2770 18.5543 18.4333
2775 18.5421 18.5044
2780 18.5067 18.4305
2785 18.443 18.4139
2790 18.4399 18.4411
2795 18.441 18.4417
2800 18.5834 18.4839
2805 18.4958 18.4908
2810 18.5433 18.458
2815 18.477 18.4668
2820 18.4547 18.4309
2825 18.3563 18.2065
2830 18.5378 18.5159
2835 18.4823 18.4869
2840 18.5229 18.4951
2845 18.5044 18.4974
2850 18.5029 18.4826
2855 18.5495 18.4298
2860 18.4859 18.4886
2865 18.4898 18.4924
2870 18.4844 18.4797
2875 18.5098 18.5
2880 18.4998 18.4494
2885 18.4466 18.4055
2890 18.4055 18.3766
2895 18.5528 18.5122
2900 18.4942 18.4965
2905 18.485 18.4472
2910 18.4646 18.4613
2915 18.5442 18.4888
2920 18.5205 18.4292
2925 18.4999 18.4999
2930 18.4999 18.4999
2935 18.4998 18.4937
2940 18.5121 18.501
2945 18.5054 18.2105
2950 18.434 18.4468
2955 18.4518 18.4619
2960 18.4813 18.4881
2965 18.4999 18.4999
2970 18.5043 18.4966
2975 18.5029 18.502
2980 18.504 18.4971
2985 18.503 18.4836
2990 18.5264 18.495
2995 18.5071 18.4355
3000 18.5128 18.5086
3005 18.5394 18.4836
3010 18.4925 18.4886
3015 18.518 18.4739
3020 18.5078 18.5053
3025 18.4824 18.4519
3030 18.5762 18.4898
3035 18.504 18.4843
3040 18.5468 18.4296
3045 18.5245 18.4965
3050 18.5014 18.5009
3055 18.5024 18.4923
3060 18.5038 18.4963
3065 18.5121 18.4768
3070 18.4884 18.486
3075 18.5144 18.4908
3080 18.5082 18.4999
3085 18.4999 18.4818
3090 18.4875 18.4853
3095 18.4928 18.4954
3100 18.4845 18.4645
3105 18.5217 18.4952
3110 18.5124 18.4307
3115 18.4078 18.2771
3120 18.4681 18.4795
3125 18.4794 18.4862
3130 18.5129 18.502
3135 18.4977 18.4982
3140 18.4898 18.3872
3145 18.464 18.4706
3150 18.4999 18.4999
3155 18.487 18.4839
3160 18.4471 18.3368
3165 18.4014 18.3922
3170 18.4746 18.4846
3175 18.5163 18.5042
3180 18.4952 18.4958
3185 18.4962 18.4972
3190 18.4998 18.4998
3195 18.4998 18.4998
3200 18.5256 18.3554
3205 18.3791 18.2989
3210 18.6408 18.5182
3215 18.5041 18.4967
3220 18.5067 18.4955
3225 18.4955 18.4874
3230 18.4997 18.4997
3235 18.4998 18.4998
3240 18.4977 18.4926
3245 18.523 18.493
3250 18.4959 18.4909
3255 18.4537 18.1757
3260 18.3437 18.335
3265 18.3273 18.3196
3270 18.3197 18.3152
3275 18.6159 18.5303
3280 18.4906 18.494
3285 18.4858 18.4805
3290 18.5172 18.4931
3295 18.5189 18.4308
3300 18.4997 18.4997
3305 18.5064 18.4981
3310 18.5039 18.4828
3315 18.479 18.4551
3320 18.4477 18.4177
3325 18.522 18.5083
3330 18.486 18.4853
3335 18.4766 18.4641
3340 18.427 18.3431
3345 18.45 18.462
3350 18.5191 18.5059
3355 18.4878 18.4855
3360 18.5228 18.4786
3365 18.5158 18.5014
3370 18.499 18.4935
3375 18.5064 18.5036
3380 18.4998 18.4998
3385 18.5096 18.5001
3390 18.4989 18.4626
3395 18.4867 18.4846
3400 18.473 18.4648
3405 18.5894 18.4994
3410 18.4997 18.434
3415 18.5136 18.5029
3420 18.5027 18.496
3425 18.5143 18.4696
3430 18.5069 18.4986
3435 18.503 18.4784
3440 18.4936 18.4957
3445 18.4607 18.2423
3450 18.4215 18.4351
3455 18.4771 18.4856
3460 18.4489 18.4367
3465 18.5429 18.5089
3470 18.4956 18.4965
3475 18.4942 18.4896
3480 18.4998 18.4998
3485 18.498 18.493
3490 18.4896 18.475
3495 18.4713 18.4555
3500 18.4471 18.4261
3505 18.5588 18.5006
3510 18.4995 18.4995
3515 18.5059 18.4845
3520 18.4944 18.4957
3525 18.4924 18.4883
3530 18.5125 18.49
3535 18.5205 18.4501
3540 18.4996 18.4996
3545 18.4949 18.4941
3550 18.4724 18.3688
3555 18.5863 18.4927
3560 18.5104 18.3902
3565 18.4996 18.4996
3570 18.4903 18.4934
3575 18.4878 18.4863
3580 18.4379 18.262
3585 18.4995 18.4995
3590 18.3779 18.2138
3595 18.4282 18.4444
3600 18.4997 18.4998
3605 18.5583 18.4771
3610 18.521 18.4751
3615 18.4997 18.4997
3620 18.4992 18.4992
3625 18.5027 18.4646
3630 18.5187 18.4947
3635 18.5202 18.2959
3640 18.6516 18.4613
3645 18.4934 18.4898
3650 18.5093 18.5056
3655 18.5366 18.4207
3660 18.5517 18.4736
3665 18.4873 18.4749
3670 18.4994 18.4994
3675 18.5461 18.492
3680 18.5045 18.4688
3685 18.4995 18.4995
3690 18.526 18.5009
3695 18.5027 18.3852
3700 18.5355 18.5052
3705 18.4966 18.4962
3710 18.5158 18.4219
3715 18.6028 18.4393
3720 18.4672 18.4398
3725 18.4233 18.381
3730 18.4349 18.4382
3735 18.5236 18.5094
3740 18.5292 18.4845
3745 18.5127 18.4911
3750 18.4878 18.4508
3755 18.4995 18.4995
3760 18.4874 18.4837
3765 18.5076 18.4995
3770 18.4988 18.4984
3775 18.4977 18.4769
3780 18.492 18.4939
3785 18.4847 18.4717
3790 18.4576 18.4253
3795 18.4993 18.4993
3800 18.4988 18.4988
3805 18.466 18.2697
3810 18.5299 18.5137
3815 18.5266 18.5002
3820 18.4979 18.4822
3825 18.4876 18.4849
3830 18.4992 18.4992
3835 18.4827 18.3797
3840 18.5184 18.5062
3845 18.4776 18.4643
3850 18.4289 18.356
3855 18.404 18.393
3860 18.3317 18.2682
3865 18.4183 18.4351
3870 18.5599 18.5203
3875 18.4652 18.4484
3880 18.4258 18.3827
3885 18.5706 18.5095
3890 18.4723 18.3339
3895 18.4988 18.4989
3900 18.4863 18.4899
3905 18.5258 18.4833
3910 18.543 18.3223
3915 18.4526 18.4552
3920 18.5584 18.5023
3925 18.4933 18.4582
3930 18.4659 18.4519
3935 18.4839 18.4885
3940 18.4885 18.4909
3945 18.4905 18.4923
3950 18.5107 18.4909
3955 18.5068 18.4972
3960 18.5003 18.4448
3965 18.5711 18.4805
3970 18.4926 18.4872
3975 18.5099 18.4897
3980 18.5056 18.4969
3985 18.4986 18.4933
3990 18.4797 18.4318
3995 18.5731 18.5107
4000 18.5022 18.494
4005 18.4903 18.4245
4010 18.4544 18.4459
4015 18.4159 18.3764
4020 18.4388 18.445
4025 18.5198 18.5067
4030 18.5168 18.4947
4035 18.5003 18.4988
4040 18.4962 18.4139
4045 18.5428 18.5146
4050 18.492 18.4887
4055 18.4613 18.4199
4060 18.6099 18.5109
4065 18.4936 18.4793
4070 18.5253 18.4996
4075 18.4986 18.4971
4080 18.4996 18.4944
4085 18.4894 18.477
4090 18.4867 18.4849
4095 18.534 18.5061
4100 18.4917 18.4785
4105 18.497 18.4969
4110 18.5051 18.5018
4115 18.497 18.497
4120 18.5086 18.4994
4125 18.4968 18.4968
4130 18.4905 18.4771
4135 18.556 18.4496
4140 18.4802 18.4775
4145 18.4671 18.454
4150 18.4976 18.4977
4155 18.4751 18.4561
4160 18.4976 18.4977
4165 18.4807 18.4682
4170 18.4547 18.4267
4175 18.4599 18.4624
4180 18.498 18.498
4185 18.4958 18.4958
4190 18.4635 18.3192
4195 18.4936 18.4937
4200 18.4038 18.2845
4205 18.3891 18.3897
4210 18.5273 18.5115
4215 18.4423 18.4219
4220 18.4586 18.4647
4225 18.448 18.4427
4230 18.5744 18.491
4235 18.4942 18.4798
4240 18.5234 18.4953
4245 18.4942 18.4937
4250 18.4935 18.4866
4255 18.4993 18.4932
4260 18.4908 18.4624
4265 18.547 18.4853
4270 18.4966 18.4808
4275 18.4606 18.3934
4280 18.4294 18.415
4285 18.5658 18.5331
4290 18.4816 18.4803
4295 18.5112 18.5059
4300 18.4879 18.4859
4305 18.5236 18.5085
4310 18.5024 18.4931
4315 18.4941 18.4925
4320 18.4934 18.4567
4325 18.5259 18.4847
4330 18.4848 18.4583
4335 18.5031 18.499
4340 18.4927 18.4925
4345 18.5067 18.4965
4350 18.492 18.4919
4355 18.5039 18.462
4360 18.466 18.4345
4365 18.4609 18.4605
4370 18.5075 18.4981
4375 18.5048 18.4705
4380 18.5221 18.4639
4385 18.4796 18.4662
4390 18.4824 18.4839
4395 18.5164 18.4781
4400 18.4855 18.4822
4405 18.5017 18.4986
4410 18.4805 18.4695
4415 18.5191 18.4921
4420 18.5021 18.2441
4425 18.4874 18.4876
4430 18.4806 18.4803
4435 18.501 18.4942
4440 18.4833 18.4828
4445 18.4879 18.4877
4450 18.4648 18.3953
4455 18.5231 18.5049
4460 18.4998 18.4964
4465 18.4903 18.4901
4470 18.4774 18.4672
4475 18.4848 18.4841
4480 18.4818 18.4801
4485 18.5213 18.5071
4490 18.4883 18.488
4495 18.4671 18.4419
4500 18.4918 18.486
4505 18.5171 18.4693
4510 18.4899 18.4581
4515 18.5036 18.49
4520 18.4921 18.4882
4525 18.4807 18.4779
4530 18.5312 18.4759
4535 18.4856 18.485
4540 18.4766 18.4708
4545 18.4705 18.4657
4550 18.4263 18.3234
4555 18.538 18.5063
4560 18.4833 18.4769
4565 18.4777 18.4703
4570 18.4758 18.4752
4575 18.4804 18.4803
4580 18.465 18.4374
4585 18.4915 18.459
4590 18.4861 18.4372
4595 18.4528 18.4466
4600 18.5011 18.4948
4605 18.5132 18.483
4610 18.4795 18.4767
4615 18.4738 18.4632
4620 18.483 18.4776
4625 18.4851 18.4131
4630 18.501 18.4598
4635 18.4626 18.4504
4640 18.5519 18.184
4645 18.4362 18.4433
4650 18.4364 18.435
4655 18.4384 18.438
4660 18.4903 18.4532
4665 18.4621 18.4425
4670 18.4682 18.4677
4675 18.4743 18.3682
4680 18.4307 18.4337
4685 18.4399 18.4431
4690 18.4367 18.4316
4695 18.4567 18.4591
4700 18.4496 18.4431
4705 18.466 18.4387
4710 18.4409 18.4411
4715 18.4251 18.4176
4720 18.4477 18.4421
4725 18.4502 18.4474
4730 18.439 18.3578
4735 18.4136 18.4135
4740 18.3133 17.9864
4745 18.1205 18.0835
4750 18.3794 18.3897
4755 18.3736 18.381
4760 18.4203 18.4163
4765 18.3972 18.3855
4770 18.3728 18.3462
4775 18.3615 18.3463
4780 18.3195 18.2544
4785 18.2915 18.2578
4790 18.3175 18.3369
4795 18.2713 18.2542
4800 18.2459 18.2422
4805 18.309 18.285
4810 18.2873 18.2473
4815 18.3691 18.2948
4820 18.2661 18.2648
4825 18.2414 18.1047
4830 18.0848 18.0891
4835 18.1911 18.1769
4840 18.2134 18.169
4845 18.0977 18.0876
4850 18.175 18.066
4855 17.7046 17.6938
4860 17.9447 17.8319
4865 17.9832 18.0553
4870 18.1803 18.2042
4875 18.1165 18.0023
4880 17.9028 17.9323
4885 18.0563 17.927
4890 17.652 17.6446
4895 18.2994 18.3229
4900 17.9234 17.7621
4905 17.7304 17.6931
4910 18.2029 18.171
4915 17.8713 17.8654
4920 17.7287 17.6774
4925 17.8821 17.7476
4930 17.6806 17.7294
4935 18.0693 17.9303
4940 17.5961 17.4707
4945 17.784 17.89
4950 17.6306 17.6275
4955 17.3578 17.1665
4960 17.5205 17.2279
4965 17.1141 17.3625
4970 18.0755 18.0485
4975 17.8512 17.5897
4980 18.2288 17.8675
4985 17.1868 17.3633
4990 17.3544 17.3644
4995 17.6621 17.5003
5000 17.6373 17.6616
5005 17.7104 17.6879
5010 17.2383 17.2104
5015 17.5503 17.2883
5020 17.1318 17.1265
5025 17.0909 16.9516
5030 17.5803 17.6623
5035 17.6625 17.6628
5040 17.783 17.5822
5045 17.5225 17.4219
5050 17.1467 16.8015
5055 16.9765 16.9746
5060 17.3948 17.5619
5065 17.4172 16.9249
5070 16.8811 16.873
5075 17.3381 17.2201
5080 17.4982 17.6477
5085 16.9682 16.8029
5090 17.5078 17.5632
5095 17.824 16.8231
5100 17.5628 17.4103
5105 17.4432 17.5667
5110 16.9919 16.8139
5115 16.8803 16.4428
5120 16.5508 16.4853
5125 16.7429 17.0228
5130 17.373 16.9958
5135 16.1223 16.2083
5140 16.3207 15.8293
5145 15.9739 16.0971
5150 16.2935 16.7617
5155 17.5115 17.2808
5160 16.7787 16.0492
5165 15.968 15.93
5170 15.886 15.7496
5175 15.2122 15.4936
5180 15.5224 15.1384
5185 15.8789 15.9203
5190 16.7146 16.9842
5195 15.9446 15.2789
5200 15.2408 15.0325
5205 15.9998 15.8683
5210 16.2742 16.5782
5215 16.5075 16.4986
5220 16.731 15.5829
5225 15.9135 16.1455
5230 16.0258 15.4975
5235 13.948 13.6881
5240 13.6464 13.6846
5245 15.96 15.7512
5250 16.2774 16.2554
5255 15.0471 15.0553
5260 15.6493 16.1558
5265 16.7498 16.1322
5270 16.011 16.412
5275 16.3558 15.8448
5280 16.3372 16.8391
5285 16.5427 15.0819
5290 15.4431 16.085
5295 16.4788 16.357
5300 16.0085 15.8223
5305 15.9078 15.4843
5310 17.029 16.9535
5315 16.0318 15.2116
5320 15.7787 16.0803
5325 15.9623 15.8204
5330 16.1958 16.5256
5335 16.1494 16.0061
5340 16.6463 15.1433
5345 15.9767 16.1834
5350 15.9598 14.9047
5355 14.9401 16.1024
5360 16.3449 15.6674
5365 16.0058 16.164
5370 16.5396 16.5559
5375 15.4459 14.2512
5380 15.2596 14.1226
5385 14.0287 14.6148
5390 15.2003 14.6887
5395 15.1377 13.7779
5400 13.5581 15.302
5405 14.1143 14.1613
5410 16.7789 14.7615
5415 12.6332 11.0432
5420 14.1632 13.3764
5425 12.7736 13.4188
5430 15.2549 14.4204
5435 14.2037 9.938
5440 12.3246 11.6098
5445 10.5496 16.0603
5450 16.5779 12.4999
5455 12.5975 11.5219
5460 12.8613 13.7306
5465 14.4092 15.2176
5470 16.0467 14.6324
5475 15.4096 18.6442
5480 16.5855 13.5851
5485 12.0663 10.4734
5490 12.0339 13.5258
5495 13.8022 9.0716
5500 11.6149 15.3701
5505 12.1526 9.64412
5510 12.5065 13.6161
5515 10.771 9.32933
5520 13.9052 10.3771
5525 9.67726 9.5837
5530 10.2729 13.1746
5535 14.8892 12.1206
5540 12.4455 13.7544
5545 13.5272 13.1506
5550 13.8365 13.6948
5555 12.4981 9.61058
5560 10.0659 17.7629
5565 15.6838 9.0311
5570 10.163 8.59189
5575 10.9908 8.24196
5580 7.44901 6.71364
5585 8.31389 7.73733
5590 10.6475 13.2127
5595 12.9058 13.9262
5600 14.7237 9.43413
5605 12.3875 11.567
5610 10.7602 7.95473
5615 9.14053 7.34379
5620 12.1111 11.5405
5625 12.582 8.87891
5630 9.54617 12.5597
5635 11.7397 9.28128
5640 10.0958 8.83638
5645 9.42306 9.71084
5650 9.81513 8.31315
5655 8.37398 7.7351
5660 9.34209 8.81367
5665 10.5593 9.53074
5670 10.0961 6.95212
5675 7.13173 6.48711
5680 8.73442 8.06321
5685 8.88182 13.7236
5690 13.7495 7.18072
5695 10.4773 8.87823
5700 8.8006 8.00186
5705 9.11379 8.03739
5710 10.4993 10.5843
5715 9.88438 7.09551
5720 9.46947 8.51363
5725 8.16306 7.86492
5730 8.28193 7.6298
5735 8.95023 7.61614
5740 7.46742 8.0706
5745 8.79273 8.18714
5750 10.9892 8.01997
5755 10.9733 8.39643
5760 9.54766 9.26203
5765 10.265 14.6776
5770 12.4804 9.78334
5775 10.1922 7.52499
5780 9.98065 10.5572
5785 12.8311 17.6774
5790 19.2462 13.8107
5795 14.3989 12.4039
5800 12.0248 11.919
5805 14.4864 13.9667
5810 14.3695 12.9891
5815 14.4903 10.8214
5820 11.3423 10.9253
5825 10.7972 6.99069
5830 9.34991 9.5436
5835 10.9263 7.42345
5840 9.57065 10.2672
5845 10.6897 9.24603
5850 11.8595 8.55151
5855 8.81178 5.15703
5860 6.75229 5.12756
5865 5.8479 6.98331
5870 8.35512 6.96503
5875 8.88253 7.07904
5880 9.13563 6.57245
5885 9.71432 10.5379
5890 8.27048 4.59384
5895 7.76818 7.49174
5900 8.33305 6.79388
5905 10.0078 5.90346
5910 8.37528 6.32493
5915 7.57791 6.12234
5920 6.39961 5.63689
5925 7.6521 5.66942
5930 6.21236 4.8352
5935 6.24383 10.7055
5940 10.3225 7.70869
5945 9.9133 8.17483
5950 9.35775 7.12141
5955 7.57178 6.14189
5960 6.36127 5.1624
5965 8.64815 6.84574
5970 7.14875 6.2429
5975 10.0016 6.54821
5980 6.91614 5.77178
5985 6.07379 5.04089
5990 8.02665 8.09329
5995 11.5503 9.03919
6000 9.66829 6.38562
6005 6.86227 5.29713
6010 9.20323 6.54471
6015 7.64742 4.32712
6020 6.82018 5.68353
6025 5.75907 4.60439
6030 6.97169 6.02775
6035 7.04093 6.01551
6040 8.26952 5.88096
6045 7.26442 5.64866
6050 7.19521 5.88969
6055 8.87735 7.48259
6060 7.42991 6.44311
6065 7.35294 6.72592
6070 6.51477 5.91093
6075 6.73398 5.12518
6080 8.23795 8.67726
6085 8.72686 5.61735
6090 5.77129 5.56623
6095 5.94715 5.22825
6100 5.75762 5.40913
6105 7.43732 6.21761
6110 6.92736 5.83895
6115 7.88494 6.59922
6120 6.42827 5.66083
6125 8.70827 8.21085
6130 6.49095 5.00788
6135 6.40905 6.82723
6140 6.21915 4.62316
6145 6.2412 5.7313
6150 7.53739 4.23459
6155 5.62831 8.7389
6160 11.4405 6.69922
6165 8.72123 6.45734
6170 7.30512 6.81642
6175 8.41922 7.51235
6180 11.3161 7.89276
6185 8.40311 6.73838
6190 6.12141 6.57179
6195 8.62467 6.65209
6200 6.65286 4.99769
6205 7.77537 6.03015
6210 10.4385 8.67582
6215 7.38468 4.33671
6220 6.11553 6.03246
6225 7.84385 4.66901
6230 7.82532 8.17787
6235 10.1646 7.57029
6240 10.57 10.0114
6245 8.24816 7.55222
6250 7.91901 7.22434
6255 8.34702 7.01201
6260 7.10627 5.59407
6265 7.32631 6.00858
6270 6.90292 6.39774
6275 6.38565 4.35752
6280 9.93464 8.20974
6285 7.39473 5.83696
6290 8.77293 7.81183
6295 7.85872 7.24174
6300 5.96821 3.80964
6305 5.51735 4.67395
6310 6.3516 4.32223
6315 6.56599 7.44554
6320 7.29384 5.91948
6325 5.99527 5.39861
6330 5.53068 4.86694
6335 6.03132 4.41232
6340 8.15079 11.1476
6345 12.0314 5.6381
6350 6.83213 5.45613
6355 6.08306 5.03685
6360 7.53758 6.06805
6365 7.63696 5.56543
6370 6.73669 4.46939
6375 8.70462 7.60748
6380 7.03787 7.74441
6385 7.90005 6.23294
6390 10.914 7.77099
6395 7.74826 6.163
6400 6.57817 5.70691
6405 7.17373 5.35714
6410 7.62583 6.22591
6415 6.21961 5.28814
6420 6.61022 3.49535
6425 6.97812 6.55227
6430 6.37685 3.79469
6435 5.88192 3.68513
6440 5.96101 4.44679
6445 6.77744 2.73129
6450 4.11054 3.32597
6455 6.00783 7.65298
6460 6.09294 4.77769
6465 5.97676 5.04812
6470 7.63725 5.91461
6475 9.0333 4.85481
6480 4.91613 4.81263
6485 7.08838 4.95202
6490 6.17473 4.9689
6495 6.06157 4.86777
6500 4.86372 3.96648
6505 5.06077 4.91847
6510 7.12369 6.72933
6515 9.0034 6.75602
6520 8.62808 8.31262
6525 6.35575 4.70337
6530 5.51707 3.19837
6535 7.4033 4.4122
6540 4.17368 3.61439
6545 4.44916 2.75606
6550 5.93252 4.15822
6555 9.69622 10.261
6560 12.09 6.28294
6565 7.02525 5.05457
6570 5.68883 3.30305
6575 9.13185 7.57881
6580 10.148 9.90536
6585 8.37757 4.96659
6590 5.3022 4.30342
6595 6.72331 5.37606
6600 6.63004 6.89501
6605 8.23097 5.89691
6610 8.28389 7.3782
6615 5.44099 4.74449
6620 5.49493 5.11213
6625 7.54906 6.66068
6630 5.25336 3.93779
6635 7.12162 6.99563
6640 6.64203 5.98193
6645 7.08008 6.22116
6650 4.00905 2.90015
6655 5.2409 2.79805
6660 3.50462 2.18892
6665 5.15996 4.45933
6670 6.31901 4.69578
6675 7.46023 6.47058
6680 8.60744 6.27986
6685 7.39422 13.3769
6690 16.9369 5.94872
6695 7.26391 4.024
6700 6.8811 4.64253
6705 4.59577 3.47801
6710 4.24013 3.47226
6715 7.8888 8.34186
6720 8.31308 3.74735
6725 7.78062 6.38813
6730 5.44821 4.59639
6735 4.85144 3.59458
6740 5.89147 4.32148
6745 5.08015 3.28051
6750 4.73111 4.30135
6755 7.08234 4.96317
6760 6.33235 4.4926
6765 6.24287 4.47991
6770 6.39077 3.48677
6775 8.10717 6.39297
6780 6.42023 4.39952
6785 6.18052 5.35421
6790 6.27652 5.62484
6795 6.38307 4.27988
6800 4.33663 2.46059
6805 4.43665 3.11499
6810 7.68163 5.03626
6815 5.58203 3.52582
6820 7.04434 7.53639
6825 7.4819 3.87752
6830 5.49442 3.8521
6835 8.09685 5.92957
6840 5.1235 4.48252
6845 6.50701 5.86611
6850 7.17318 7.39662
6855 6.43789 4.94596
6860 6.95961 4.71539
6865 5.42391 3.8754
6870 5.03935 4.06208
6875 6.15985 4.8962
6880 4.97386 3.50415
6885 7.93749 7.35374
6890 6.313 6.71037
6895 10.0833 6.94999
6900 8.46378 6.41223
6905 7.66908 5.15946
6910 5.52454 3.65796
6915 4.54569 3.01492
6920 6.98406 6.37063
6925 7.68832 6.4896
6930 9.32731 7.04996
6935 5.44249 4.96391
6940 6.57517 4.88833
6945 6.80566 4.97316
6950 7.10399 5.45851
6955 4.99652 2.75794
6960 6.75632 2.4626
6965 5.18403 3.93588
6970 5.87002 5.02441
6975 5.60207 5.79938
6980 7.61806 3.96733
6985 6.26942 4.75662
6990 6.62133 4.48991
6995 7.7872 6.21946
7000 5.70567 3.8256
7005 5.31907 3.2762
7010 4.41491 2.21096
7015 3.56627 1.73955
7020 4.02745 3.78871
7025 4.17531 3.11628
7030 6.9877 5.27955
7035 5.08093 4.16392
7040 5.48336 3.21626
7045 6.87436 4.7296
7050 6.78433 4.82319
7055 5.78462 2.92263
7060 4.29099 3.33616
7065 4.39475 3.81027
7070 7.50411 4.82947
7075 4.84328 4.15073
7080 5.75029 4.13304
7085 5.84427 4.38574
7090 4.2584 3.26344
7095 3.19922 2.86657
7100 4.06982 3.85399
7105 5.9302 4.4419
7110 7.21322 4.82046
7115 6.03495 4.28955
7120 5.33157 2.41668
7125 6.87148 6.30587
7130 6.68719 4.16938
7135 5.27284 5.541
7140 4.66676 3.6715
7145 4.99589 2.80021
7150 3.14085 1.92623
7155 2.60626 1.6689
7160 3.66609 2.48115
7165 2.90495 2.36006
7170 5.42673 5.76256
7175 4.38478 2.82979
7180 4.36849 1.61539
7185 3.49988 2.96619
7190 5.0416 4.71482
7195 4.75372 2.90548
7200 4.82592 2.54915
7205 3.98756 3.5088
7210 4.14252 3.62624
7215 4.94992 4.26069
7220 5.45246 3.28005
7225 4.84428 3.83966
7230 4.98483 3.21503
7235 5.8481 5.05453
7240 5.30719 4.2305
7245 4.08175 3.07327
7250 3.146 2.85679
7255 4.84844 3.78514
7260 5.15659 2.88147
7265 4.12447 2.80188
7270 3.14518 2.5952
7275 4.61133 3.44865
7280 4.74412 2.97557
7285 8.67194 6.8459
7290 6.65423 5.59786
7295 4.71104 4.23431
