5 18.2731 18.2229
10 18.7771 18.6763
15 19.1328 18.798
20 18.6107 18.7032
25 18.3548 18.3218
30 18.8741 18.6989
35 18.6894 18.6945
40 18.7043 18.6774
45 18.5845 18.6098
50 18.3313 18.2608
55 18.88 18.677
60 18.4239 18.3609
65 18.7255 18.6148
70 18.7235 18.59
75 18.5247 18.5857
80 19.0564 18.2507
85 18.5233 18.4433
90 18.3999 18.3806
95 18.8048 18.6058
100 18.5827 18.5989
105 18.5602 18.5573
110 18.4516 18.397
115 18.6367 18.5847
120 18.3949 18.3292
125 18.4363 18.4454
130 18.4991 18.4989
135 18.5747 18.552
140 18.5265 18.5281
145 18.4972 18.4967
150 18.4974 18.497
155 18.4326 18.4124
160 18.4564 18.4588
165 18.6136 18.5419
170 18.4954 18.496
175 18.5214 18.5183
180 18.4711 18.4648
185 18.4242 18.4122
190 18.3258 18.2808
195 18.7422 18.5485
200 18.4377 18.3201
205 18.6276 18.5472
210 18.4274 18.3719
215 18.5227 18.5043
220 18.5401 18.5115
225 18.4886 18.4747
230 18.4723 18.4546
235 18.4187 18.424
240 18.7413 18.6065
245 18.4059 18.3083
250 18.2209 17.9162
255 17.8828 17.4733
260 18.3998 18.1792
265 17.5814 17.5641
270 17.8201 17.3016
275 17.0049 15.4967
280 16.7738 17.0106
285 17.3368 17.1399
290 16.9364 15.8442
295 16.7695 16.8279
300 16.4285 14.8137
305 16.6271 17.9982
310 17.1773 15.5924
315 16.8366 17.3199
320 16.5509 15.5219
325 15.119 14.4664
330 17.4174 16.5058
335 15.5926 15.4219
340 15.5159 14.2377
345 15.6967 16.216
350 15.2583 15.1624
355 16.7846 16.3077
360 15.6746 15.6223
365 16.2789 15.2438
370 15.5239 15.3994
375 15.9295 14.4334
380 16.1725 15.7567
385 15.1794 16.0761
390 17.4144 18.7017
395 18.702 18.7013
400 18.7193 18.6577
405 18.5896 18.6034
410 18.1124 17.8925
415 18.3601 18.3834
420 18.9949 18.7904
425 18.5841 18.6066
430 17.9602 17.6645
435 19.616 18.6935
440 18.4496 18.2539
445 18.7487 18.6741
450 18.5918 18.5787
455 18.4995 18.4988
460 18.1937 18.1135
465 18.6316 18.5916
470 18.7609 18.7167
475 18.6325 18.555
480 18.686 18.6552
485 18.7033 18.7111
490 18.0828 17.7315
495 18.3361 18.2931
500 18.5031 18.503
505 18.6789 18.6118
510 19.0255 18.5813
515 18.4871 18.4718
520 18.5285 18.5112
525 18.4958 18.4283
530 18.3259 18.2303
535 18.5166 18.5122
540 18.3694 18.3455
545 18.5141 18.5113
550 18.5187 18.5081
555 18.5103 18.3973
560 18.454 18.3861
565 18.4416 18.3932
570 18.336 18.3053
575 18.4837 18.4883
580 18.2636 18.2651
585 18.4475 18.417
590 18.562 18.4901
595 18.5655 18.531
600 18.3425 18.3274
605 18.4142 18.3244
610 18.5235 18.5097
615 18.4302 18.3335
620 18.3009 18.2816
625 18.2998 18.2665
630 18.5191 18.3807
635 18.4014 18.2395
640 18.3678 18.3268
645 18.6365 18.5418
650 18.5436 18.4879
655 18.5165 18.5083
660 18.3023 18.2921
665 18.376 18.3121
670 18.5193 18.5146
675 18.277 18.2538
680 18.5215 18.3574
685 18.5678 18.4697
690 18.3837 18.3306
695 18.48 18.4344
700 18.4523 18.3238
705 18.4758 18.4861
710 18.4634 18.4561
715 18.436 18.1347
720 18.3135 18.1602
725 18.2627 18.2284
730 18.2002 18.0542
735 18.2629 18.1492
740 18.4375 17.7492
745 17.6445 17.0755
750 17.3294 16.8879
755 17.4615 17.1418
760 17.508 16.9246
765 17.2619 16.6554
770 17.0913 16.4792
775 16.7199 16.5909
780 16.8875 16.7956
785 16.714 16.2399
790 16.5063 16.2784
795 16.3701 16.2069
800 16.3968 16.2752
805 17.1023 16.4173
810 16.2937 16.0684
815 16.1897 15.8141
820 16.2723 16.1208
825 15.9494 15.2894
830 17.208 16.9484
835 17.2085 16.7782
840 16.5859 16.4178
845 16.7339 16.0692
850 16.405 15.4403
855 15.5037 15.0667
860 16.1733 15.2477
865 15.262 14.1214
870 15.5558 14.9708
875 15.2781 15.12
880 15.3524 13.0598
885 13.1634 12.0204
890 12.6689 11.5244
895 12.3595 11.6157
900 13.5802 11.7208
905 12.5646 11.9523
910 11.733 10.676
915 11.0363 10.7801
920 13.6859 11.6675
925 12.8493 11.4424
930 12.1804 10.4465
935 12.1888 10.3274
940 10.9824 9.93917
945 11.3413 9.96008
950 11.4592 9.5703
955 12.8992 11.4553
960 10.5783 8.37323
965 9.85379 8.85698
970 9.49617 8.12361
975 10.1524 9.40974
980 9.55514 7.25867
985 8.94888 9.15871
990 10.6241 7.77164
995 8.63933 7.83177
1000 9.52682 8.49393
1005 9.81035 7.51894
1010 8.94514 7.40262
1015 7.9907 7.10718
1020 9.45029 8.3503
1025 8.25396 7.15903
1030 9.81869 8.67633
1035 9.20127 7.12276
1040 10.1789 8.20271
1045 7.9432 6.79141
1050 11.2145 9.22211
1055 10.2474 9.21379
1060 8.17391 8.31909
1065 11.0339 6.37554
1070 11.5545 12.6233
1075 14.7198 11.5613
1080 14.8337 9.1186
1085 10.127 8.37298
1090 8.30522 8.08704
1095 10.087 9.21033
1100 13.3431 9.88094
1105 9.66586 8.97674
1110 9.19122 8.98011
1115 10.9605 8.23101
1120 10.0747 8.35521
1125 9.36833 7.6723
1130 8.91069 8.08827
1135 9.65382 7.9717
1140 8.70262 6.39576
1145 6.77323 5.18025
1150 8.43134 8.59902
1155 9.29812 8.43571
1160 10.4962 8.01622
1165 10.5448 9.27103
1170 8.59451 6.78241
1175 8.04529 7.01138
1180 8.97306 7.69186
1185 9.07459 6.79316
1190 7.53024 7.2043
1195 10.8121 7.27379
1200 7.12458 6.52131
1205 8.67363 6.40459
1210 8.70038 6.64894
1215 11.895 9.58289
1220 8.82266 9.81418
1225 9.5295 6.45677
1230 7.4241 7.15915
1235 9.88284 6.92529
1240 10.3669 7.85517
1245 7.82933 7.62362
1250 7.49312 5.99495
1255 7.46509 7.29119
1260 7.07751 6.51479
1265 8.64961 9.87161
1270 11.7653 4.74611
1275 8.35808 7.83172
1280 7.7654 7.46981
1285 8.3208 5.26963
1290 8.27932 6.01751
1295 5.76496 5.50129
1300 7.36943 6.15517
1305 6.84544 8.18433
1310 10.9067 5.55938
1315 8.98786 7.85466
1320 6.16757 4.99101
1325 6.74848 5.94363
1330 8.51758 6.54522
1335 8.00144 7.51934
1340 7.77454 5.89161
1345 8.00563 5.50825
1350 7.81176 8.30075
1355 10.1338 7.45232
1360 11.0173 9.25431
1365 8.33066 7.21684
1370 11.2777 7.75042
1375 10.6919 12.9414
1380 12.3196 8.07018
1385 10.171 7.5919
1390 10.7847 9.69724
1395 9.74232 7.84129
1400 11.6928 9.14789
1405 8.98672 5.54988
1410 9.41028 6.97222
1415 7.29673 4.72297
1420 5.01888 4.03173
1425 8.19689 6.51443
1430 7.65597 4.58954
1435 5.66697 4.4757
1440 9.92205 9.43968
1445 11.8805 6.47868
1450 7.90942 6.21079
1455 8.98364 6.08278
1460 7.10856 5.44558
1465 11.0299 9.12271
1470 7.5814 6.23123
1475 8.75437 8.07602
1480 7.28349 4.8595
1485 8.47475 6.96379
1490 8.70972 7.36958
1495 7.03838 5.87819
1500 6.56323 5.45199
1505 6.43152 5.23184
1510 7.84213 8.13335
1515 8.0689 6.29333
1520 6.62781 5.41934
1525 9.34166 4.83507
1530 6.72261 6.46085
1535 7.31138 7.68608
1540 9.42872 5.77306
1545 7.63002 6.75858
1550 8.69833 6.31901
1555 7.14712 5.81886
1560 6.72638 6.48192
1565 9.06511 5.00316
1570 8.06083 5.78007
1575 8.37441 6.69292
1580 7.14106 5.53869
1585 5.86562 4.59688
1590 6.27249 6.43456
1595 5.4902 3.42128
1600 8.42945 7.07311
1605 9.31861 7.88972
1610 8.02072 4.07061
1615 6.37716 5.4126
1620 8.1166 7.20552
1625 7.14358 5.77631
1630 6.5532 6.22167
1635 7.70185 4.79063
1640 6.58865 6.02706
1645 9.94063 5.8504
1650 7.60077 5.45294
1655 7.73329 6.24497
1660 8.42531 5.92699
1665 5.90981 5.35825
1670 7.26554 5.626
1675 5.14032 3.69769
1680 6.51227 5.79279
1685 7.37659 3.69266
1690 5.95225 5.13201
1695 5.10082 4.37878
1700 7.19885 4.46325
1705 7.56402 11.8039
1710 13.1487 3.90285
1715 4.62983 3.89963
1720 6.13842 3.05013
1725 7.07387 6.36249
1730 10.3113 6.29355
1735 6.24686 3.95562
1740 5.39852 5.64669
1745 9.03489 4.87767
1750 5.51368 3.3914
1755 7.9715 11.3447
1760 10.1533 13.7001
1765 11.8517 7.25852
1770 9.4117 3.99198
1775 6.99883 4.5446
1780 7.56658 6.53624
1785 8.28426 8.10286
1790 7.08157 4.65011
1795 7.51508 6.44194
1800 8.77313 8.69538
1805 8.33601 4.83496
1810 6.72661 5.33881
1815 6.52217 5.99892
1820 6.142 4.36293
1825 5.68801 4.27375
1830 7.20153 6.82785
1835 7.4638 5.36362
1840 7.73593 4.99233
1845 5.67269 3.92822
1850 7.49025 12.4897
1855 13.4498 6.42201
1860 7.29424 4.40936
1865 5.21054 4.29627
1870 5.03106 2.87012
1875 6.56357 4.69039
1880 6.81649 3.54625
1885 7.8116 7.40983
1890 7.99424 6.89369
1895 8.4935 4.61572
1900 4.98738 3.88172
1905 5.63695 4.56822
1910 5.2702 4.8944
1915 4.86881 3.93937
1920 8.45422 7.41711
1925 6.06415 5.20215
1930 7.47776 6.2138
1935 8.61592 4.89338
1940 4.79859 4.02665
1945 9.2308 4.78082
1950 6.21913 4.8331
1955 5.59054 2.73914
1960 5.57967 5.11901
1965 9.44032 5.8657
1970 9.81182 4.90092
1975 6.06424 3.97742
1980 4.75009 4.33977
1985 4.04874 3.44575
1990 5.94523 3.33812
1995 4.98446 4.02603
2000 6.16418 6.35727
2005 4.50803 3.47114
2010 6.16412 12.2967
2015 14.105 4.40252
2020 6.80832 4.45919
2025 8.50739 6.19394
2030 6.51376 4.2935
2035 7.23165 4.67869
2040 6.63194 5.02056
2045 6.52794 5.72437
2050 7.66034 6.37863
2055 5.91064 4.16102
2060 7.30533 4.04251
2065 5.02425 3.7097
2070 5.25311 4.43382
2075 5.10036 5.1449
2080 5.45529 5.32076
2085 5.98638 4.20379
2090 6.20954 3.83321
2095 6.74811 3.53745
2100 5.66757 4.4835
2105 5.40658 4.18469
2110 4.71158 3.38797
2115 6.68802 5.29455
2120 6.5781 4.35983
2125 3.63621 3.35216
2130 6.19118 5.69915
2135 9.83775 7.31545
2140 7.37256 2.81864
2145 4.08344 2.70434
2150 5.76009 3.86608
2155 5.05372 4.55951
2160 6.11806 3.88617
2165 4.92224 3.33761
2170 4.38429 2.87638
2175 5.03428 3.57682
2180 4.50132 2.15781
2185 5.08137 2.51573
2190 3.94675 4.03576
2195 4.6676 2.87758
2200 5.48292 4.26256
2205 3.33176 3.24233
2210 4.42892 4.00406
2215 5.80861 3.02337
2220 3.26286 2.93102
2225 5.36115 4.52908
2230 6.84718 6.43675
2235 8.08474 6.89966
2240 7.61277 4.95606
2245 7.10363 4.86309
2250 6.10581 4.38185
2255 3.92203 3.30554
2260 6.10657 4.95219
2265 6.7935 4.44394
2270 7.5682 4.12981
2275 5.27817 2.38138
2280 7.17529 6.78135
2285 6.05348 4.05657
2290 7.07738 5.65934
2295 4.4135 4.09774
2300 5.38472 3.93675
2305 5.49868 4.04252
2310 3.8247 3.15858
2315 4.48295 4.11712
2320 4.67541 3.2761
2325 6.24129 4.40392
2330 5.41464 5.05789
2335 5.35709 3.47604
2340 4.17331 3.20938
2345 6.26163 4.80073
2350 5.29523 4.27115
2355 3.95731 3.32528
2360 5.33882 3.30252
2365 3.879 2.67794
2370 3.84589 2.89186
2375 3.79272 2.80682
2380 4.6012 3.71557
2385 3.80713 1.75448
2390 4.85428 4.21496
2395 5.94212 4.85765
2400 6.89239 4.71961
2405 6.50678 5.33686
2410 5.02902 3.54373
2415 5.0277 3.97168
2420 5.17613 4.37516
2425 4.5754 4.42706
2430 6.68891 5.3528
2435 4.94906 4.69988
2440 7.54474 5.39229
2445 4.87266 3.5039
2450 5.68059 3.12888
2455 4.87567 3.11333
2460 6.27859 3.68246
2465 3.42427 1.43581
2470 2.17225 1.27382
2475 5.99877 2.62838
2480 4.58966 1.72856
2485 5.47785 4.90262
2490 5.53184 2.64464
2495 5.59833 3.42196
2500 4.05649 1.4967
2505 5.66833 4.35503
2510 5.82625 4.45841
2515 5.1631 5.9715
2520 4.69672 2.46574
2525 4.77316 2.63075
2530 2.87685 2.80719
2535 3.06032 3.29766
2540 2.4518 1.55802
2545 4.58858 2.93921
2550 3.24071 2.45151
2555 2.88373 2.647
2560 5.68087 4.55679
2565 7.0391 3.92977
2570 6.25522 5.88347
2575 8.34741 4.30988
2580 4.9052 2.30551
2585 4.42625 4.08413
2590 3.92888 2.91752
2595 3.98021 3.14867
2600 2.71141 2.66405
2605 4.29914 3.99489
2610 4.0446 3.14134
2615 5.3393 2.61145
2620 4.72648 2.94394
2625 5.80071 4.86628
2630 3.9274 2.08391
2635 5.19369 3.66985
2640 5.99593 2.65271
2645 3.82251 3.8
2650 4.20826 3.73645
2655 4.297 3.61
2660 2.61199 1.77917
2665 4.00476 3.43698
2670 3.66431 3.76367
2675 6.30907 4.73726
2680 4.69683 4.55793
2685 5.55076 4.62925
2690 3.94573 2.99303
2695 5.17077 4.03561
2700 5.55415 2.05029
2705 5.28343 4.47109
2710 2.92462 1.79487
2715 6.81319 3.8447
2720 5.09169 4.84012
2725 3.66365 3.06644
2730 4.09557 3.94063
2735 3.9143 3.02379
2740 2.96748 1.71943
2745 4.7349 2.44255
2750 5.12191 2.30018
2755 3.37188 1.8665
2760 4.86573 2.52226
2765 2.21429 1.35656
2770 3.62305 3.27764
2775 4.32612 2.53764
2780 2.67188 2.43729
2785 3.46452 3.15011
2790 4.35535 2.68666
2795 4.41102 3.23519
2800 3.32487 3.09383
2805 2.68846 2.29997
2810 2.36507 2.39728
2815 4.76901 3.74733
2820 2.63747 2.49202
2825 2.6645 2.51879
2830 3.67703 3.62818
2835 2.69003 1.67208
2840 3.74406 3.40936
2845 6.04383 4.86059
2850 5.86554 3.11649
2855 5.24174 3.32388
2860 2.71661 1.52099
2865 3.3815 2.44772
2870 4.96281 3.04507
2875 2.44686 2.24161
2880 3.41965 3.70458
2885 4.00965 2.68612
2890 3.68388 3.68333
2895 4.84619 2.82775
2900 3.89127 2.43285
2905 3.57575 1.3452
2910 1.45864 0.994998
2915 1.92718 0.979848
2920 3.0653 1.97331
2925 3.18472 3.15688
2930 3.48355 3.6196
2935 4.35649 4.58401
2940 3.85283 3.01196
2945 4.48908 2.20352
2950 4.18554 2.52172
2955 5.39324 2.16403
2960 3.6113 2.30331
2965 3.09572 2.31241
2970 1.81065 1.10247
2975 5.16235 4.44035
2980 3.74734 1.40594
2985 5.04371 3.22004
2990 2.50741 2.28236
2995 3.74717 3.27618
3000 5.24913 4.66282
3005 4.58617 2.88277
3010 3.71303 1.80976
3015 3.33278 2.65646
3020 3.64804 2.73157
3025 3.16952 2.38985
3030 4.51882 1.35949
3035 4.46131 3.34565
3040 3.48578 3.44307
3045 3.30635 1.57028
3050 2.39884 1.40763
3055 2.22966 2.02349
3060 2.84963 2.51206
3065 1.95643 1.12516
3070 3.43029 3.10007
3075 3.23462 3.06267
3080 2.78465 1.24694
3085 6.24077 4.02931
3090 5.63049 3.54524
3095 3.92997 2.60762
3100 4.0665 2.83086
3105 6.65952 3.70621
3110 4.36539 2.65638
3115 3.47206 2.67522
3120 5.42151 2.79596
3125 5.59111 5.11626
3130 4.70959 4.53576
3135 3.52957 2.90356
3140 3.74762 2.78644
3145 5.45809 3.68538
3150 5.2401 3.73026
