5 11.7329 11.2401
10 11.5825 11.5402
15 11.3549 11.127
20 11.4989 11.5052
25 11.9743 11.7901
30 11.5396 11.6885
35 11.4927 11.534
40 11.4219 11.5157
45 11.7078 11.4165
50 11.6168 11.6921
55 11.1419 10.7752
60 10.7478 11.0376
65 11.3813 11.3368
70 11.073 10.8284
75 11.0679 11.1538
80 11.2177 11.2598
85 11.3422 11.3791
90 11.2078 11.1368
95 11.0677 11.0866
100 11.3661 11.5322
105 11.918 11.6919
110 11.7351 11.7594
115 11.2775 11.2925
120 11.3366 11.3199
125 11.5724 11.4519
130 11.1034 11.1406
135 10.7734 10.6541
140 11.3261 11.4124
145 11.825 11.8091
150 11.4558 11.5905
155 11.9307 11.806
160 11.4525 11.5603
165 11.4552 11.2076
170 11.2599 11.1481
175 11.1345 11.2071
180 11.4173 11.3657
185 11.0609 11.0739
190 11.1605 11.1452
195 10.4934 10.6696
200 11.5821 11.567
205 10.8733 10.5301
210 11.7572 11.92
215 10.8793 10.8191
220 11.4002 11.4966
225 11.769 11.4883
230 11.0483 11.0603
235 11.0041 11.0473
240 11.061 11.0225
245 10.9386 11.0393
250 11.5911 11.3845
255 11.2322 11.3853
260 11.5737 11.6228
265 11.3568 11.3429
270 11.5555 11.6
275 11.4884 11.2956
280 11.7383 11.8082
285 11.0398 11.0332
290 11.3809 11.4497
295 11.5971 11.564
300 11.6908 11.756
305 11.2019 11.1542
310 11.6235 11.4124
315 11.4995 11.623
320 11.5046 11.47
325 11.6757 11.3817
330 11.8076 11.9052
335 11.3452 11.4135
340 11.7058 11.4342
345 11.062 11.2753
350 11.3921 11.4462
355 11.3749 11.0932
360 11.4984 11.6068
365 11.6754 11.6368
370 11.1844 11.2284
375 11.2031 10.9143
380 10.8774 10.9206
385 11.2604 11.3451
390 11.1853 11.2887
395 11.4517 11.5147
400 11.8598 11.6885
405 11.8052 11.7658
410 11.326 11.442
415 11.7834 11.7186
420 11.8273 11.7255
425 11.7833 11.8266
430 11.3914 11.3359
435 11.3685 11.3985
440 11.6984 11.761
445 11.5628 11.4781
450 11.4706 11.4824
455 11.3394 11.4144
460 11.0963 11.1385
465 11.1558 11.0532
470 11.5105 11.3908
475 11.3355 11.2836
480 11.3846 11.4795
485 11.0754 11.1471
490 11.9399 11.8449
495 11.4187 11.217
500 11.3025 11.4529
505 10.7823 10.7647
510 11.3402 11.3459
515 10.9805 10.8185
520 11.1356 11.2881
525 10.8799 10.6206
530 11.0452 11.071
535 11.155 11.2864
540 11.5962 11.606
545 11.6625 11.692
550 11.7069 11.537
555 11.3722 11.4029
560 11.4684 11.5272
565 11.2987 11.3758
570 11.3833 11.3328
575 11.2795 11.3248
580 11.7851 11.7297
585 11.0144 11.0768
590 11.3694 11.2618
595 11.3303 11.3251
600 11.8338 11.8493
605 11.1907 11.1726
610 11.9911 11.9087
615 10.5147 10.3436
620 10.6704 10.7546
625 11.6589 11.7204
630 11.3997 11.4917
635 11.2152 11.0754
640 11.5141 11.5499
645 11.6858 11.702
650 11.3548 11.4234
655 11.5487 11.5066
660 11.1383 11.1757
665 10.977 10.9585
670 11.6252 11.6661
675 11.413 11.3867
680 11.6645 11.5817
685 11.6321 11.6969
690 11.503 11.5304
695 11.7231 11.6128
700 11.6725 11.6306
705 11.7281 11.8114
710 11.3821 11.3987
715 11.5375 11.4409
720 11.2906 11.3401
725 11.6332 11.4007
730 10.721 10.6417
735 10.8422 11.0291
740 11.6421 11.6332
745 11.432 11.4776
750 11.4671 11.3967
755 11.6446 11.6909
760 11.7425 11.7563
765 11.0893 11.1094
770 11.2397 10.868
775 11.5638 11.6978
780 11.2783 11.2442
785 11.222 11.1769
790 11.1908 11.1525
795 11.1108 11.0344
800 11.5657 11.6491
805 10.7654 10.7728
810 10.9922 11.1169
815 11.2863 11.1145
820 11.833 11.9041
825 11.4287 11.3878
830 11.4047 11.4204
835 11.668 11.4878
840 10.8796 10.9061
845 10.6548 10.465
850 11.2422 11.3033
855 11.1026 11.1175
860 11.2499 11.3699
865 11.4859 11.5684
870 11.6973 11.6328
875 11.7458 11.7004
880 11.4538 11.5078
885 11.1477 11.157
890 11.5646 11.5178
895 11.5402 11.4055
900 11.1647 11.2136
905 11.2481 11.3294
910 11.6697 11.5776
915 11.6013 11.6523
920 11.4103 11.2441
925 11.2614 11.3468
930 11.6881 11.7466
935 11.5466 11.5807
940 11.323 11.2951
945 12.2203 12.1433
950 11.5603 11.5856
955 11.2778 11.132
960 10.8819 10.8428
965 10.9936 10.8825
970 11.1808 11.3684
975 11.4758 11.4602
980 11.4419 11.3923
985 11.5408 11.4906
990 11.3741 11.393
995 11.2866 11.2905
1000 11.1447 11.1835
1005 11.8025 11.7868
1010 11.3046 11.3098
1015 11.406 11.2745
1020 11.678 11.7206
1025 10.8928 10.8898
1030 11.2837 11.3354
1035 11.3984 11.486
1040 11.3217 11.188
1045 11.5311 11.5824
1050 11.3492 11.2816
1055 11.2285 11.2873
1060 11.629 11.5809
1065 11.3167 11.1118
1070 11.4527 11.584
1075 11.3697 11.1533
1080 11.3686 11.4519
1085 11.6725 11.6113
1090 11.8516 11.8708
1095 11.4657 11.4371
1100 11.831 11.8326
1105 11.2793 11.3195
1110 11.3346 11.3488
1115 11.6966 11.6799
1120 11.6139 11.5556
1125 11.0347 11.0598
1130 10.9883 10.9248
1135 11.3961 11.4114
1140 11.2843 11.3725
1145 11.3035 11.3381
1150 11.1551 11.0624
1155 11.2315 11.2071
1160 11.4921 11.5204
1165 11.5979 11.6226
1170 11.3602 11.3152
1175 11.9213 11.82
1180 10.9997 10.9274
1185 11.6543 11.6474
1190 11.2979 11.2935
1195 10.652 10.5171
1200 10.6069 10.8075
1205 11.4795 11.3857
1210 11.4401 11.5056
1215 12.2056 12.137
1220 11.2648 11.3259
1225 11.5676 11.3137
1230 11.0309 10.8601
1235 11.6881 11.8383
1240 11.8422 11.8645
1245 11.396 11.4582
1250 11.0095 10.8105
1255 11.5727 11.6092
1260 10.7802 10.5201
1265 11.3279 11.4953
1270 11.5441 11.5977
1275 11.5119 11.5745
1280 11.8456 11.6822
1285 11.11 10.9589
1290 11.0909 11.0515
1295 11.5182 11.6086
1300 11.3701 11.4092
1305 11.3904 11.4777
1310 11.034 11.0196
1315 11.7573 11.756
1320 11.3744 11.3351
1325 11.4795 11.4599
1330 11.6348 11.6339
1335 11.0832 11.1411
1340 11.373 11.1424
1345 11.3915 11.4748
1350 11.3111 11.3276
1355 11.2396 11.2514
1360 11.1824 11.2349
1365 11.4908 11.3784
1370 11.7102 11.7459
1375 11.6658 11.6976
1380 11.4784 11.3485
1385 11.4537 11.4988
1390 11.3074 11.3537
1395 11.177 10.9921
1400 11.0248 11.0778
1405 11.4901 11.4354
1410 10.8565 10.9306
1415 11.2145 11.1916
1420 11.4593 11.4225
1425 11.7188 11.7681
1430 11.3769 11.4363
1435 11.848 11.8828
1440 11.1408 10.8871
1445 11.1773 11.1432
1450 11.4464 11.4955
1455 11.884 11.8472
1460 11.1321 10.9416
1465 11.3876 11.3888
1470 10.7799 10.9327
1475 11.5442 11.5584
1480 11.4521 11.3611
1485 11.2301 11.3175
1490 11.6097 11.6459
1495 11.4535 11.3545
1500 10.9462 11.0018
1505 11.4205 11.4874
1510 11.6807 11.5095
1515 11.03 11.0551
1520 11.7431 11.6388
1525 11.1393 11.1885
1530 11.4052 11.4032
1535 11.7069 11.7077
1540 11.4277 11.3854
1545 10.5468 10.5715
1550 11.5548 11.4822
1555 11.1301 11.0675
1560 11.3527 11.4415
1565 10.8654 10.8652
1570 11.4482 11.3964
1575 11.3504 11.3461
1580 11.232 11.1833
1585 11.3032 11.3875
1590 11.4523 11.4594
1595 11.52 11.5572
1600 11.3575 11.3295
1605 11.2657 11.3359
1610 11.313 11.2924
1615 11.6161 11.5844
1620 11.9081 11.9144
1625 11.6337 11.6738
1630 11.525 11.4489
1635 11.4975 11.4743
1640 11.0234 11.1091
1645 11.7122 11.7169
1650 11.7097 11.4811
1655 11.1871 11.1882
1660 10.9285 10.9018
1665 11.1514 11.2735
1670 11.2257 11.2642
1675 11.1386 11.0033
1680 11.6238 11.4704
1685 11.5626 11.6171
1690 11.5006 11.5529
1695 11.264 11.2905
1700 11.7363 11.7211
1705 11.2384 11.1086
1710 11.0115 10.9931
1715 11.265 11.3023
1720 11.2505 11.1407
1725 11.321 11.3376
1730 11.4908 11.5632
1735 11.5758 11.5688
1740 10.7292 10.7966
1745 11.2481 11.0986
1750 11.309 11.2983
1755 11.3536 11.34
1760 11.3831 11.4243
1765 11.4298 11.4815
1770 11.0265 10.9774
1775 11.2441 11.3077
1780 11.8572 11.8758
1785 11.4163 11.4046
1790 10.7959 10.7506
1795 10.8962 10.7814
1800 11.7508 11.8187
1805 11.8296 11.85
1810 11.5035 11.5016
1815 11.369 11.2741
1820 11.2657 11.3065
1825 11.1927 11.2865
1830 11.6092 11.605
1835 11.3643 11.3568
1840 11.3246 11.3004
1845 11.3713 11.2811
1850 11.3306 11.3116
1855 10.9682 10.9815
1860 11.2919 11.2251
1865 11.1987 11.1856
1870 11.0932 11.0819
1875 11.1879 11.2837
1880 11.3828 11.3298
1885 11.7807 11.7194
1890 11.0007 10.69
1895 10.851 11.0617
1900 11.4987 11.5104
1905 11.2927 11.0241
1910 11.3513 11.4804
1915 11.5536 11.6312
1920 11.2474 11.2213
1925 11.6517 11.4583
1930 11.2768 11.3641
1935 11.7004 11.7063
1940 11.4416 11.4348
1945 11.1449 10.9243
1950 10.9475 10.9162
1955 10.6098 10.6777
1960 11.1909 11.2491
1965 11.48 11.5416
1970 11.6076 11.5907
1975 11.5618 11.5904
1980 11.7318 11.7383
1985 11.1897 11.2381
1990 11.6276 11.498
1995 11.4294 11.4843
2000 11.6275 11.616
2005 11.1912 11.2108
2010 11.5294 11.0744
2015 11.1869 11.3183
2020 10.939 10.9512
2025 11.3416 11.3949
2030 11.4471 11.527
2035 11.3917 11.3672
2040 11.3666 11.3105
2045 11.5065 11.5031
2050 10.9807 10.9495
2055 11.6086 11.6953
2060 11.2543 11.2655
2065 12.0291 11.9959
2070 11.4701 11.4935
2075 11.7981 11.7378
2080 11.3247 11.3017
2085 11.1677 11.1552
2090 11.289 11.1646
2095 11.0948 11.2332
2100 11.6149 11.5097
2105 11.5969 11.5995
2110 11.3388 11.4376
2115 11.5384 11.5446
2120 11.7314 11.6228
2125 11.6845 11.5802
2130 11.463 11.4411
2135 11.3461 11.3806
2140 11.2257 11.3137
2145 11.6675 11.6294
2150 11.4058 11.4446
2155 11.4794 11.4135
2160 11.4679 11.4682
2165 11.7888 11.6979
2170 11.0948 11.1889
2175 11.2608 11.1945
2180 10.9206 10.9634
2185 11.2095 11.2274
2190 10.9809 10.7413
2195 11.1707 11.1195
2200 11.1345 11.0617
2205 11.3326 11.4196
2210 11.4162 11.4983
2215 11.234 11.286
2220 11.4997 11.203
2225 11.3726 11.4661
2230 10.9315 10.9519
2235 11.6647 11.5724
2240 10.7671 10.9098
2245 11.4058 11.3992
2250 11.3014 11.2294
2255 10.8909 10.9814
2260 11.9379 11.8334
2265 11.4953 11.5268
2270 11.1163 11.0809
2275 11.2598 11.2227
2280 11.2129 11.1452
2285 11.4552 11.487
2290 11.3676 11.3067
2295 11.478 11.4316
2300 11.0738 11.1603
2305 11.0613 11.0616
2310 11.3635 11.2606
2315 11.303 11.4064
2320 11.0985 11.0344
2325 11.2843 11.2976
2330 11.5683 11.62
2335 11.3972 11.3239
2340 11.1063 11.1963
2345 11.9527 11.8639
2350 11.4574 11.3997
2355 11.5214 11.5496
2360 11.5543 11.5534
2365 12.1715 12.1711
2370 11.6118 11.678
2375 11.396 11.4112
2380 11.1279 11.0645
2385 11.0722 10.9683
2390 11.4591 11.5198
2395 11.3658 11.3794
2400 11.4081 11.4151
2405 10.7256 10.6867
2410 11.4429 11.476
2415 10.7069 10.5834
2420 11.3295 11.3148
2425 11.7423 11.7596
2430 11.7305 11.7525
2435 11.7727 11.6107
2440 11.0548 10.8561
2445 11.5013 11.6612
2450 11.4262 11.4896
2455 11.549 11.5834
2460 11.2257 11.2573
2465 11.7392 11.6878
2470 11.6119 11.5327
2475 11.5486 11.57
2480 11.5808 11.433
2485 11.0309 11.1523
2490 10.9346 10.905
2495 11.2521 11.0618
2500 11.2043 11.2583
2505 11.4398 11.5239
2510 10.9435 11.0146
2515 11.5557 11.5805
2520 11.2265 11.0504
2525 11.4157 11.1093
2530 10.7912 10.7958
2535 11.2873 11.4116
2540 10.7994 10.7358
2545 11.1565 11.1469
2550 10.9788 10.9332
2555 11.2875 11.4062
2560 11.3951 11.4506
2565 11.2897 11.3528
2570 11.1453 10.9403
2575 11.3168 11.3917
2580 11.2476 11.2293
2585 11.124 10.9949
2590 11.4987 11.5053
2595 11.3248 11.3624
2600 11.5753 11.4963
2605 11.4827 11.4554
2610 11.2303 11.3185
2615 11.4129 11.4388
2620 11.2337 11.2434
2625 11.2621 11.183
2630 11.6957 11.7218
2635 10.9042 10.9031
2640 11.148 11.1707
2645 11.709 11.7233
2650 11.3122 11.2407
2655 11.2199 11.2349
2660 11.4853 11.5084
2665 11.6922 11.6795
2670 11.5457 11.5219
2675 11.7017 11.568
2680 11.1309 11.2135
2685 11.1642 11.0166
2690 10.609 10.645
2695 10.5084 10.5427
2700 11.1984 11.2914
2705 11.3754 11.4012
2710 11.5289 11.4311
2715 11.7205 11.6586
2720 11.2098 11.2293
2725 11.4436 11.4552
2730 11.6498 11.6706
2735 10.9679 10.9703
2740 11.7902 11.7696
2745 11.1854 11.1603
2750 11.0956 10.9867
2755 11.341 11.419
2760 11.001 10.9142
2765 11.3593 11.3353
2770 11.2494 11.1786
2775 11.2316 11.2321
2780 11.357 11.4497
2785 11.7546 11.7552
2790 11.1164 11.154
2795 11.4441 11.4797
2800 11.8972 11.9012
2805 11.2804 11.3056
2810 11.2672 10.989
2815 10.9394 10.9402
2820 11.0218 11.0436
2825 10.8997 10.9495
2830 11.1798 11.1912
2835 11.3597 11.2727
2840 11.7199 11.7947
2845 11.252 11.1988
2850 11.5959 11.654
2855 11.4908 11.292
2860 11.2617 11.2744
2865 11.526 11.5574
2870 11.4784 11.4274
2875 11.3721 11.4435
2880 11.6187 11.6459
2885 11.0121 10.9637
2890 11.6124 11.6721
2895 11.2029 11.1937
2900 11.0499 11.0642
2905 11.2242 11.2133
2910 11.4806 11.3887
2915 10.9612 10.831
2920 11.5124 11.6056
2925 10.9696 11.0029
2930 11.1068 11.0852
2935 11.97 11.866
2940 10.9475 10.9566
2945 11.3869 11.421
2950 11.3723 11.361
2955 11.4024 11.4766
2960 11.5602 11.553
2965 11.57 11.4873
2970 11.3694 11.3751
2975 11.0093 11.0014
2980 11.6738 11.5643
2985 11.2671 11.2096
2990 11.2649 11.3684
2995 10.9797 11.03
3000 11.4504 11.3767
3005 12.0217 11.923
3010 11.2742 11.3254
3015 11.2581 10.9527
3020 11.0636 11.1497
3025 11.1787 11.2278
3030 10.8873 10.8874
3035 11.4975 11.4752
3040 11.8555 11.8642
3045 11.5846 11.6408
3050 11.6445 11.5679
3055 11.1938 11.2433
3060 11.5904 11.5767
3065 11.7961 11.8004
3070 11.3221 11.3427
3075 10.9669 10.9514
3080 11.6192 11.5557
3085 10.9875 10.993
3090 11.137 10.9418
3095 11.1447 11.2593
3100 11.2405 11.1958
3105 11.3155 11.3865
3110 11.5453 11.5281
3115 11.3269 11.386
3120 11.06 11.0173
3125 11.4528 11.4467
3130 11.4966 11.3623
3135 11.6986 11.6657
3140 11.6348 11.7223
3145 11.5338 11.5411
3150 10.432 10.3229
3155 11.5323 11.5524
3160 12.0169 12.0487
3165 11.4003 11.427
3170 11.0205 10.969
3175 11.828 11.856
3180 10.6478 10.6595
3185 12.0402 12.0376
3190 11.1812 11.0346
3195 11.6786 11.7617
3200 10.9594 10.9064
3205 11.5708 11.5607
3210 11.7042 11.6475
3215 11.2274 11.1221
3220 11.6545 11.7418
3225 11.5099 11.5527
3230 11.6518 11.6038
3235 11.303 11.2419
3240 11.2659 11.3144
3245 11.1739 11.1767
3250 11.6348 11.5741
3255 11.3724 11.3453
3260 11.6852 11.6077
3265 11.5449 11.5966
3270 11.4746 11.4856
3275 11.1574 11.1658
3280 11.1927 11.1048
3285 11.1881 11.0995
3290 11.2143 11.275
3295 11.5684 11.614
3300 10.9753 10.933
3305 11.5561 11.5965
3310 11.4985 11.5169
3315 11.5387 11.6041
3320 12.0305 11.9022
3325 11.8156 11.8574
3330 11.7828 11.8017
3335 10.3649 10.2521
3340 11.6725 11.6106
3345 11.4519 11.4948
3350 11.6223 11.6405
3355 11.329 11.3847
3360 11.1847 11.2136
3365 11.161 10.9834
3370 11.6648 11.7256
3375 11.5721 11.6205
3380 11.6112 11.4669
3385 11.5313 11.554
3390 11.7573 11.6793
3395 11.6723 11.6659
3400 11.394 11.4206
3405 10.7676 10.7312
3410 11.5921 11.6464
3415 11.5295 11.4924
3420 11.2425 11.248
3425 11.1998 11.1947
3430 11.4344 11.4982
3435 12.1263 12.0908
3440 11.2689 11.1218
3445 11.2876 11.1801
3450 10.871 10.9691
3455 11.8846 11.9567
3460 11.4509 11.4062
3465 11.9068 11.8671
3470 11.4078 11.4649
3475 11.8427 11.8005
3480 11.9107 11.9494
3485 11.4316 11.3634
3490 11.2532 11.3381
3495 11.3726 11.0428
3500 11.3647 11.3805
3505 10.8416 10.8198
3510 11.2504 11.2637
3515 10.8751 10.9025
3520 11.0494 11.0831
3525 10.8825 10.9304
3530 10.9473 10.9964
3535 11.3723 11.4184
3540 11.7563 11.7778
3545 11.4709 11.3184
3550 11.7107 11.6154
3555 11.2589 11.1518
3560 11.5551 11.6558
3565 11.1372 11.1868
3570 11.2246 11.2278
3575 11.4569 11.275
3580 10.9566 10.9684
3585 10.9123 10.9054
3590 11.6242 11.6944
3595 11.1742 11.1308
3600 11.0095 10.7783
3605 10.8173 10.9028
3610 11.08 11.059
3615 11.5659 11.6207
3620 11.4583 11.3747
3625 11.5652 11.6327
3630 10.9505 10.9963
3635 11.1531 11.1866
3640 11.533 11.5329
3645 11.6088 11.6118
3650 11.384 11.4112
3655 11.0326 10.9619
3660 10.9664 10.9452
3665 11.4129 11.2189
3670 11.4201 11.4785
3675 11.3931 11.4498
3680 11.6121 11.6026
3685 11.4899 11.4918
3690 11.4322 11.4942
3695 11.2355 11.0622
3700 11.227 11.2951
3705 11.7063 11.7638
3710 11.219 11.1433
3715 11.4881 11.5218
3720 11.0336 11.0447
3725 11.9642 11.9412
3730 11.4308 11.4676
3735 10.8967 10.8369
3740 11.2778 11.2097
3745 11.5378 11.6004
3750 11.119 11.1247
3755 10.9725 10.8101
3760 11.55 11.5625
3765 10.6686 10.6569
3770 11.499 11.5711
3775 11.8867 11.82
3780 11.0777 11.125
3785 11.0819 11.0025
3790 11.3402 11.39
3795 11.5136 11.441
3800 11.2174 10.9995
3805 10.6125 10.7184
3810 10.6845 10.784
3815 11.7455 11.6623
3820 11.006 11.0599
3825 11.0442 11.1031
3830 11.9927 11.9877
3835 11.4559 11.4863
3840 11.4455 11.3539
3845 11.274 11.2154
3850 11.3004 11.2073
3855 11.3429 11.4047
3860 11.2967 11.2666
3865 11.4381 11.5138
3870 11.5307 11.4947
3875 11.41 11.4652
3880 11.4405 11.4616
3885 11.2963 11.2886
3890 11.4203 11.4603
3895 11.4946 11.3682
3900 11.1304 11.1676
3905 11.8228 11.7208
3910 11.1596 11.1885
3915 10.6049 10.5239
3920 11.2165 11.2436
3925 11.1061 11.1165
3930 11.0917 11.0969
3935 11.5024 11.4903
3940 11.2013 11.2746
3945 11.8432 11.743
3950 11.9435 11.9494
3955 11.2171 11.1884
3960 11.5762 11.5371
3965 11.1868 11.2267
3970 11.7049 11.6988
3975 11.3529 11.246
3980 11.4428 11.512
3985 11.0997 11.1383
3990 10.8912 10.6976
3995 11.0006 11.0542
4000 11.237 11.2225
4005 10.917 10.8857
4010 11.6303 11.6432
4015 11.1981 11.1521
4020 11.3328 11.3218
4025 11.6211 11.6784
4030 11.365 11.3831
4035 10.9606 10.9576
4040 11.5295 11.4627
4045 10.7778 10.7938
4050 11.2946 11.3024
4055 11.7854 11.8314
4060 11.424 11.3724
4065 11.4164 11.4699
4070 11.697 11.681
4075 11.6828 11.7278
4080 11.5355 11.5112
4085 11.7878 11.7384
4090 11.4962 11.4313
4095 11.334 11.318
4100 11.3942 11.4393
4105 10.9208 10.8768
4110 11.3475 11.3894
4115 10.9527 10.975
4120 11.5469 11.5531
4125 10.7501 10.5145
4130 11.0724 11.1229
4135 11.2608 11.2412
4140 11.3361 11.3962
4145 11.2182 11.2495
4150 11.1942 11.0165
4155 10.9132 10.9551
4160 11.3056 11.3048
4165 11.1517 11.1921
4170 11.8117 11.8397
4175 11.3738 11.3983
4180 11.5521 11.5253
4185 11.5222 11.4873
4190 11.5637 11.5934
4195 10.9157 10.8642
4200 11.494 11.4583
4205 11.8561 11.8215
4210 11.0362 11.0151
4215 11.6209 11.6342
4220 11.3943 11.3683
4225 11.1171 11.1246
4230 11.6696 11.6918
4235 11.7982 11.7684
4240 10.9641 11.0263
4245 11.4748 11.5322
4250 11.1834 11.0211
4255 11.3468 11.3713
4260 10.8833 10.8623
4265 11.0977 11.0706
4270 11.7488 11.7746
4275 11.2719 11.2798
4280 11.478 11.5203
4285 11.5011 11.4056
4290 11.3033 11.3245
4295 11.1644 11.0996
4300 11.3401 11.3971
4305 10.855 10.7779
4310 11.4741 11.4337
4315 11.1765 11.1278
4320 11.2008 11.2553
4325 11.5107 11.5649
4330 11.027 11.0557
4335 10.9926 11.053
4340 11.3061 11.1023
4345 11.2383 11.0107
4350 11.4353 11.5287
4355 11.1108 11.2003
4360 10.9099 10.7226
4365 11.2071 11.2213
4370 11.6068 11.676
4375 11.2654 11.2694
4380 10.714 10.5781
4385 11.0459 11.077
4390 11.0602 11.1301
4395 11.6674 11.5649
4400 10.9188 10.9846
4405 11.5185 11.419
4410 11.6161 11.6014
4415 11.3341 11.3583
4420 11.7675 11.7781
4425 11.2533 11.3103
4430 11.4339 11.4269
4435 11.4859 11.5109
4440 12.0096 11.89
4445 11.2881 11.3564
4450 10.9357 10.8125
4455 11.1293 11.1709
4460 11.5201 11.4722
4465 11.1498 11.0882
4470 11.4657 11.5156
4475 11.5957 11.5428
4480 11.0255 11.0206
4485 11.2767 11.2781
4490 11.571 11.5457
4495 11.204 11.2316
4500 11.0758 11.0412
4505 11.5147 11.5753
4510 11.3324 11.3672
4515 11.3774 11.415
4520 11.4736 11.4923
4525 11.4767 11.4193
4530 11.5249 11.4565
4535 11.3881 11.4471
4540 11.0281 10.9196
4545 10.9173 10.9995
4550 11.254 11.145
4555 11.7199 11.7294
4560 11.402 11.3114
4565 11.1721 11.1808
4570 11.0576 10.9171
4575 11.6691 11.6991
4580 11.0081 11.06
4585 11.4817 11.5316
4590 11.4461 11.4326
4595 11.0549 11.1139
4600 11.2944 11.3233
4605 11.5524 11.4727
4610 11.3753 11.3025
4615 11.6216 11.6071
4620 10.9509 10.7997
4625 10.929 11.037
4630 11.39 11.3392
4635 11.2218 11.2993
4640 10.9906 10.994
4645 11.3443 11.3547
4650 11.4652 11.4808
4655 11.1629 11.1525
4660 11.4402 11.4678
4665 11.4038 11.3454
4670 11.0115 10.8739
4675 11.0875 11.0303
4680 11.1689 11.2621
4685 11.6862 11.6995
4690 11.522 11.542
4695 10.7306 10.7487
4700 11.444 11.295
4705 11.1149 11.1693
4710 12.0211 12.0098
4715 11.0903 11.0355
4720 11.4408 11.4582
4725 11.6999 11.7175
4730 11.2371 11.2721
4735 11.4936 11.5388
4740 11.5388 11.5228
4745 11.4236 11.4675
4750 11.3227 11.292
4755 11.3049 11.3277
4760 11.3749 11.3301
4765 11.4572 11.3749
4770 11.2767 11.2655
4775 11.359 11.3895
4780 11.1664 11.078
4785 11.7723 11.8298
4790 11.0366 11.0297
4795 11.3876 11.4045
4800 11.3622 11.3369
4805 11.8488 11.8213
4810 11.1844 11.1401
4815 11.3201 11.2927
4820 11.1766 11.1518
4825 11.4743 11.5119
4830 11.3275 11.3383
4835 11.0582 11.0259
4840 11.398 11.4436
4845 11.5079 11.4862
4850 11.1333 11.0456
4855 11.2969 11.2367
4860 11.5435 11.5926
4865 11.2693 11.3129
4870 11.0536 11.0026
4875 11.1616 11.1203
4880 10.5819 10.4542
4885 11.5812 11.6656
4890 10.9155 11.0064
4895 11.2396 11.2514
4900 11.5038 11.4547
4905 11.3396 11.2707
4910 11.3198 11.3698
4915 11.9658 11.9427
4920 11.2053 11.1647
4925 11.6476 11.6463
4930 11.2176 11.2878
4935 11.6189 11.645
4940 12.0362 11.9569
4945 11.3263 11.1846
4950 11.4485 11.5245
4955 11.6327 11.6276
4960 11.2338 11.2786
4965 12.0705 12.0481
4970 11.0495 10.8788
4975 10.8768 10.9346
4980 11.2326 11.1321
4985 11.198 11.2614
4990 11.6194 11.6248
4995 11.3734 11.4121
5000 11.1207 11.0614
5005 11.1472 11.1352
5010 11.8232 11.8481
5015 11.3671 11.4018
5020 11.4335 11.4318
5025 11.4556 11.3732
5030 11.2219 11.2472
5035 11.7389 11.7791
5040 11.4903 11.5027
5045 12.0329 11.9929
5050 11.3268 11.3497
5055 11.0386 11.0686
5060 11.575 11.5308
5065 11.5122 11.2853
5070 11.213 11.2311
5075 10.9326 10.8923
5080 11.2825 11.3662
5085 11.2103 11.0619
5090 11.1277 11.1891
5095 11.3748 11.4059
5100 11.3666 11.3375
5105 11.9563 11.9765
5110 11.6602 11.6759
5115 11.4676 11.4647
5120 10.8632 10.8941
5125 11.4188 11.4473
5130 11.0665 11.0597
5135 11.0068 11.0162
5140 11.2671 11.2776
5145 11.6689 11.627
5150 11.4623 11.4688
5155 11.5078 11.5005
5160 12.0303 12.0594
5165 11.2607 11.1628
5170 11.1715 11.2315
5175 11.1863 11.1801
5180 10.7334 10.7005
5185 11.7131 11.6475
5190 11.588 11.5963
5195 10.9826 11.0495
5200 11.0778 10.9946
5205 10.6384 10.6201
5210 11.0649 11.0837
5215 11.3515 11.3261
5220 11.1602 11.1332
5225 11.0685 11.1353
5230 11.6482 11.6575
5235 11.1841 11.0513
5240 11.3916 11.47
5245 11.3036 11.1723
5250 11.1831 11.2339
5255 11.3481 11.3033
5260 11.4088 11.4601
5265 11.5011 11.5222
5270 11.2075 11.1695
5275 11.566 11.5802
5280 11.4185 11.4148
5285 11.1194 11.1597
5290 11.7434 11.7223
5295 11.3686 11.2301
5300 11.4241 11.4178
5305 11.1512 11.1692
5310 11.7118 11.7104
5315 11.7787 11.8303
5320 11.4247 11.4299
5325 11.4417 11.4158
5330 10.9464 10.8993
5335 10.8427 10.8766
5340 11.6086 11.6156
5345 11.2578 11.1819
5350 11.1996 11.2308
5355 11.8936 11.9039
5360 10.925 10.8861
5365 11.1808 11.1911
5370 11.98 12.001
5375 11.4393 11.4658
5380 11.2169 11.1315
5385 10.7813 10.7512
5390 11.1149 11.1542
5395 11.5083 11.5418
5400 11.6245 11.6329
5405 11.2822 11.2122
5410 11.5994 11.5658
5415 11.7119 11.6745
5420 11.1864 11.237
5425 11.0561 11.0441
5430 11.0332 11.042
5435 11.106 11.1322
5440 11.3324 11.2089
5445 10.7657 10.8175
5450 11.0015 10.9886
5455 11.2624 11.309
5460 11.1077 11.1303
5465 11.201 11.1528
5470 11.3905 11.4332
5475 11.5264 11.5195
5480 11.2091 11.2015
5485 11.2603 11.2603
5490 11.1661 11.2289
5495 11.6881 11.6198
5500 11.0101 11.0234
5505 11.2936 11.2691
5510 11.315 11.2909
5515 11.1307 11.0962
5520 11.4812 11.5388
5525 10.8963 10.8585
5530 10.9502 10.8797
5535 11.2024 11.1555
5540 11.7702 11.8231
5545 11.3939 11.4339
5550 10.9722 10.9957
5555 11.5709 11.5339
5560 11.6159 11.549
5565 11.6882 11.6941
5570 11.2521 11.2701
5575 12.0548 12.0362
5580 10.8862 10.9558
5585 11.497 11.4373
5590 11.4545 11.3109
5595 10.7875 10.7884
5600 11.2433 11.1972
5605 11.3829 11.4157
5610 10.8519 10.928
5615 11.6095 11.6223
5620 11.655 11.6509
5625 11.3967 11.4137
5630 10.9122 10.9182
5635 11.7869 11.7482
5640 10.9445 10.972
5645 11.3237 11.3314
5650 10.7825 10.689
5655 11.5007 11.4918
5660 11.1768 11.1832
5665 11.4061 11.3981
5670 11.4442 11.4867
5675 10.8368 10.8628
5680 11.2599 11.2607
5685 11.6401 11.6475
5690 11.783 11.72
5695 11.6944 11.7042
5700 11.2841 11.3136
5705 11.5508 11.5319
5710 11.8172 11.8211
5715 11.442 11.4787
5720 11.4606 11.4209
5725 11.2947 11.2635
5730 10.6511 10.7017
5735 11.1075 11.1092
5740 11.7752 11.7652
5745 10.9387 10.9323
5750 11.2647 11.1554
5755 11.2099 11.1227
5760 11.2323 11.3205
5765 11.3831 11.2949
5770 11.4076 11.443
5775 10.9083 10.8832
5780 11.1121 11.2086
5785 11.1612 11.142
5790 11.7545 11.748
5795 10.9911 10.8821
5800 11.5362 11.5692
5805 11.1032 11.0267
5810 11.2882 11.3045
5815 11.2165 11.2384
5820 11.1415 11.0602
5825 11.2807 11.3528
5830 11.2983 11.3035
5835 10.948 10.8781
5840 11.3077 11.2948
5845 11.3746 11.4479
5850 11.6535 11.6907
5855 11.3287 11.3724
5860 11.2967 11.2609
5865 11.1243 11.0144
5870 11.2979 11.3535
5875 11.4177 11.4215
5880 11.479 11.5027
5885 11.3078 11.2745
5890 11.4211 11.4121
5895 11.7975 11.7926
5900 11.3648 11.3014
5905 11.2234 11.0435
5910 10.9197 10.8945
5915 11.2044 11.1828
5920 10.949 10.9728
5925 11.0451 10.9868
5930 10.9413 10.9694
5935 11.2983 11.356
5940 10.9166 10.9207
5945 11.1011 10.9316
5950 11.0344 11.1249
5955 11.3863 11.3884
5960 11.2811 11.2863
5965 11.1982 11.1478
5970 11.3687 11.2324
5975 11.4358 11.3226
5980 10.806 10.9014
5985 11.1443 11.1584
5990 11.0037 10.9847
5995 10.8686 10.8034
6000 10.7027 10.7283
6005 10.4638 10.1545
6010 10.5565 10.6592
6015 10.8573 10.751
6020 10.81 10.8139
6025 10.4588 10.5171
6030 10.5778 10.5667
6035 10.3232 10.3503
6040 11.0427 10.8727
6045 10.8713 10.8771
6050 10.5796 10.4699
6055 10.2947 10.2805
6060 10.116 10.251
6065 10.8927 10.7862
6070 11.4776 11.4293
6075 10.7828 10.9206
6080 10.6203 10.3873
6085 10.6277 10.6449
6090 10.6585 10.5272
6095 10.7163 10.8565
6100 10.9382 10.6757
6105 11.0075 11.0079
6110 10.6678 10.7214
6115 10.6346 10.5113
6120 10.1627 10.2251
6125 11.2262 10.9425
6130 10.2147 10.2041
6135 10.3441 10.3369
6140 10.9883 10.8961
6145 10.549 10.5697
6150 10.9702 10.942
6155 10.2847 10.2686
6160 10.9682 10.9762
6165 10.8974 10.9067
6170 11.1546 11.1272
6175 10.8181 10.804
6180 10.1383 10.1718
6185 10.9728 10.8953
6190 10.4781 10.5098
6195 11.0784 11.071
6200 10.6689 10.4133
6205 10.5838 10.5818
6210 10.2628 10.2811
6215 10.3166 10.2642
6220 10.6668 10.5196
6225 10.3576 10.4076
6230 10.455 10.4559
6235 11.3101 10.9459
6240 10.1446 10.0952
6245 10.2881 10.203
6250 10.035 10.0186
6255 10.777 10.7501
6260 10.5381 10.4038
6265 10.5513 10.6245
6270 10.9257 10.6501
6275 10.5408 10.4735
6280 10.298 10.2018
6285 10.9157 10.9255
6290 10.0842 10.0433
6295 10.3839 10.3764
6300 10.7865 10.7332
6305 10.2711 10.291
6310 9.86984 9.95227
6315 10.4819 10.4495
6320 10.8804 10.767
6325 10.4102 10.4112
6330 10.1758 10.0169
6335 10.2675 10.3069
6340 10.1713 10.0312
6345 9.92066 9.91516
6350 10.6162 10.4788
6355 10.4222 10.4758
6360 10.0341 10.0414
6365 10.2837 10.2006
6370 10.2947 10.3304
6375 10.8477 10.8294
6380 9.61407 9.59255
6385 10.7149 10.6837
6390 10.3475 10.3308
6395 10.7623 10.7442
6400 11.1082 11.0524
6405 10.6045 10.3478
6410 10.4474 10.413
6415 9.67142 9.65059
6420 10.1843 10.0704
6425 10.9135 10.7705
6430 10.4061 10.3252
6435 10.5773 10.5279
6440 10.362 10.3905
6445 10.7921 10.5422
6450 10.5076 10.3093
6455 10.4131 10.3307
6460 10.3387 10.2398
6465 10.646 10.6211
6470 10.4995 10.5552
6475 10.9246 10.8695
6480 9.90145 9.8715
6485 10.77 10.7373
6490 10.5354 10.3787
6495 10.5794 10.5772
6500 10.5204 10.1655
6505 10.4743 10.4151
6510 10.0261 9.72795
6515 10.7083 10.528
6520 10.4616 10.044
6525 11.1226 11.1184
6530 10.0752 9.88877
6535 10.4467 10.4423
6540 10.7144 10.6101
6545 10.2 10.156
6550 10.7485 10.7166
6555 10.9012 10.8998
6560 10.3827 10.3288
6565 10.3683 10.3257
6570 10.9478 10.9801
6575 10.9544 10.8597
6580 10.3774 10.3582
6585 10.4585 10.415
6590 10.4497 10.4133
6595 10.367 10.3551
6600 10.0788 10.0722
6605 10.1946 10.1118
6610 10.9395 10.5431
6615 10.3841 10.2919
6620 10.6877 10.3476
6625 10.1795 10.1717
6630 10.7657 10.5818
6635 10.707 10.5787
6640 10.6939 10.0796
6645 10.8726 10.7827
6650 10.8138 10.7231
6655 10.4027 10.3413
6660 9.80089 9.73078
6665 10.5022 10.1707
6670 10.6346 10.3126
6675 10.4676 10.3484
6680 10.4929 10.3992
6685 10.4024 10.2491
6690 10.0794 10.0693
6695 10.1639 10.1363
6700 10.1396 10.0688
6705 10.1132 10.07
6710 10.5322 10.3426
6715 10.4561 10.4378
6720 9.90884 9.79187
6725 10.5418 10.4348
6730 9.89778 9.87997
6735 10.5597 10.4276
6740 10.2739 10.2159
6745 9.9072 9.88188
6750 10.5483 10.5385
6755 10.29 10.1839
6760 10.2917 10.2
6765 10.5865 10.4689
6770 10.7732 10.7999
6775 10.1398 10.169
6780 10.4213 10.4063
6785 10.028 9.96732
6790 9.77726 9.79527
6795 10.1867 10.082
6800 9.68758 9.70467
6805 10.9368 10.6879
6810 10.6932 10.1424
6815 10.2969 10.1636
6820 9.93474 9.9096
6825 9.82199 9.82512
6830 10.6306 10.5292
6835 10.434 10.2101
6840 10.3114 10.2187
6845 9.97715 9.92548
6850 10.6605 10.56
6855 10.1158 10.0777
6860 10.9086 10.6449
6865 10.1208 9.89241
6870 10.3562 10.3325
6875 10.2164 10.0641
6880 10.0874 10.0564
6885 9.60494 9.5791
6890 10.1084 10.0591
6895 10.4998 10.4764
6900 10.0241 9.96111
6905 10.514 10.5116
6910 10.5848 10.5378
6915 10.4381 10.3915
6920 10.7525 10.7227
6925 10.5895 10.6015
6930 10.8614 10.6751
6935 10.545 10.4635
6940 9.94877 9.91858
6945 10.1183 10.0913
6950 11.1347 10.9798
6955 10.0063 9.92308
6960 9.76733 9.76484
6965 10.4622 9.9395
6970 10.0382 9.94587
6975 10.345 10.1445
6980 10.6777 10.4392
6985 10.3127 10.2721
6990 10.4654 10.3395
6995 10.5221 10.0331
7000 9.98864 9.58553
7005 10.3555 10.3745
7010 10.6734 10.6849
7015 10.1629 10.0759
7020 9.7145 9.56022
7025 10.4565 10.3576
7030 10.7882 10.821
7035 10.0085 9.84308
7040 10.4168 10.4318
7045 10.003 9.98082
7050 10.7005 10.2481
7055 10.5444 10.2935
7060 10.6224 9.97098
7065 10.5676 10.5017
7070 10.2223 10.1344
7075 10.4983 10.0728
7080 10.7117 10.4868
7085 10.5194 10.5207
7090 10.3866 10.314
7095 10.3459 10.3902
7100 10.7988 10.7941
7105 10.2092 10.0634
7110 10.9008 10.5821
7115 10.3976 10.3213
7120 10.9759 10.9627
7125 10.2966 10.2848
7130 10.6107 10.6228
7135 10.1894 10.1995
7140 10.7765 10.7074
7145 10.2646 10.1107
7150 9.78814 9.74092
7155 10.5828 10.6019
7160 10.5191 9.89105
7165 10.1468 10.1463
7170 10.6061 10.3828
7175 10.562 10.6478
7180 10.6481 10.5797
7185 9.94597 9.51657
7190 10.6131 10.2224
7195 10.5809 9.96628
7200 10.5896 10.4191
7205 10.4674 9.74201
7210 9.7124 9.67382
7215 9.9542 9.87971
7220 9.42801 9.37753
7225 9.97691 9.96721
7230 10.1922 10.1924
7235 9.91116 9.79429
7240 10.83 10.6541
7245 9.81761 9.73344
7250 10.8869 10.8685
7255 9.90755 9.85833
7260 10.7707 10.6348
7265 9.32788 9.10882
7270 10.3934 10.4023
7275 9.70913 9.67287
7280 10.098 10.0314
7285 10.6793 10.4541
7290 9.92395 9.83451
7295 10.4765 10.3745
7300 10.7867 10.7414
7305 10.4175 10.4024
7310 10.3562 10.3369
7315 9.63871 9.59808
7320 9.61043 9.57265
7325 9.58252 9.5295
7330 10.722 10.5912
7335 10.3735 10.2049
7340 10.1385 10.0684
7345 9.84527 9.83842
7350 10.0677 10.0957
7355 10.1501 10.1409
7360 9.9958 9.94233
7365 10.5563 10.4948
7370 9.49749 9.37331
7375 10.2693 10.2927
7380 10.2523 10.1876
7385 10.0647 9.99933
7390 9.94046 9.87592
7395 10.4333 10.4481
7400 10.0479 9.95969
7405 10.1948 10.2027
7410 10.644 10.604
7415 9.64429 9.56794
7420 10.5763 10.6177
7425 10.3568 10.1563
7430 9.9477 9.94118
7435 9.84029 9.73546
7440 10.1861 10.2299
7445 9.39448 9.37858
7450 9.32164 9.29418
7455 10.8332 10.7078
7460 10.0638 10.0076
7465 9.95095 9.92
7470 10.385 10.3513
7475 9.84385 9.76606
7480 10.0729 10.0339
7485 10.2603 10.0685
7490 10.1191 9.87525
7495 9.49398 9.52174
7500 10.0265 9.91918
7505 9.93793 9.85452
7510 10.2555 10.2184
7515 9.5969 9.64662
7520 9.83257 9.69458
7525 10.1414 9.62221
7530 9.52237 9.41276
7535 9.62631 9.63294
7540 9.51332 9.5783
7545 9.73306 9.53071
7550 10.4016 10.304
7555 9.75851 9.68826
7560 9.9034 9.71912
7565 10.4044 10.3705
7570 9.35932 9.34716
7575 10.5067 10.4875
7580 9.53127 9.4174
7585 10.9682 10.6098
7590 10.4383 10.2526
7595 9.55354 9.5395
7600 10.1239 9.70992
7605 9.80469 9.80747
7610 9.49314 9.54841
7615 9.82355 9.74856
7620 9.68008 9.64291
7625 10.0019 10.0363
7630 10.487 10.6196
7635 10.0007 10.0692
7640 9.8839 9.65132
7645 9.17646 9.00092
7650 9.50187 9.35194
7655 9.80135 9.74527
7660 9.84188 9.8461
7665 9.87185 9.81672
7670 9.77835 9.6368
7675 9.6251 9.60148
7680 9.64915 9.46288
7685 9.31967 8.96873
7690 10.0937 10.2762
7695 9.74431 9.69085
7700 9.28094 9.00588
7705 9.48661 9.45877
7710 9.12839 9.07927
7715 9.40352 9.27546
7720 9.65825 9.75284
7725 9.74375 9.69323
7730 10.1448 9.93098
7735 9.64251 9.65326
7740 9.43898 9.20518
7745 9.93941 9.91439
7750 9.47579 9.50255
7755 9.85137 9.78774
7760 9.81476 9.78534
7765 9.60801 9.52043
7770 9.17451 9.10842
7775 9.27774 9.27073
7780 9.87538 9.81785
7785 9.53815 9.3571
7790 9.89684 9.68179
7795 9.6082 9.28615
7800 10.2324 9.99205
7805 9.41706 9.36978
7810 9.04064 8.93414
7815 10.0637 9.96187
7820 9.43018 9.4457
7825 9.5729 9.14536
7830 9.53036 9.27907
7835 9.65077 9.53106
7840 10.0209 9.60764
7845 10.4748 10.1161
7850 9.32772 8.98412
7855 9.87556 9.66062
7860 9.9954 9.80546
7865 9.11996 9.10884
7870 9.52733 9.37643
7875 9.0691 9.04433
7880 9.60181 9.52154
7885 10.1193 9.61124
7890 9.66107 9.35957
7895 9.94302 9.86015
7900 9.75427 9.63445
7905 9.73896 9.55233
7910 9.44384 9.37857
7915 9.83122 9.74051
7920 9.78571 9.60642
7925 9.61614 9.52296
7930 10.1496 10.1574
7935 9.44832 9.37783
7940 9.77196 9.76405
7945 9.70864 9.79548
7950 9.85718 9.61825
7955 9.98164 10.0536
7960 9.5962 9.63522
7965 9.99509 9.67627
7970 9.84299 10.0455
7975 10.3577 9.96494
7980 9.58987 9.60093
7985 9.18508 9.15577
7990 10.2583 10.1784
7995 9.41206 9.26855
8000 9.91051 9.73151
8005 9.45749 9.68569
8010 9.33391 9.32095
8015 10.1711 9.54279
8020 9.30639 9.32344
8025 9.44889 9.30006
8030 9.25858 9.12963
8035 9.55973 9.63261
8040 10.3719 10.3264
8045 9.73032 9.53107
8050 8.8635 8.67234
8055 9.62192 9.63315
8060 9.72429 9.67938
8065 9.40084 9.07843
8070 10.358 10.1921
8075 9.18459 8.95333
8080 9.90129 9.5907
8085 10.142 10.0227
8090 9.67446 9.64431
8095 9.38593 9.30261
8100 10.1167 10.0429
8105 9.82431 9.62378
8110 9.35712 8.99782
8115 9.22012 8.96052
8120 9.38566 8.99708
8125 9.43805 9.48401
8130 10.5733 10.2244
8135 9.35666 8.3603
8140 9.5057 9.73807
8145 9.30799 9.18419
8150 9.69468 9.58084
8155 9.49235 9.43765
8160 9.34105 8.83938
8165 9.36929 9.45316
8170 10.3501 9.59249
8175 9.51293 9.30239
8180 9.5641 9.37383
8185 9.77284 9.59043
8190 9.62709 9.14115
8195 9.04983 8.86057
8200 9.39477 9.1318
8205 9.57211 9.14211
8210 9.2642 9.31448
8215 9.71545 9.42626
8220 10.0209 9.85198
8225 9.51831 9.4494
8230 8.81405 8.66434
8235 9.61086 9.53019
8240 9.82467 9.69878
8245 9.50477 9.15671
8250 10.1556 10.067
8255 9.78699 9.52898
8260 9.77684 9.69353
8265 9.76979 9.93538
8270 9.78448 8.97073
8275 9.02432 9.07658
8280 9.87325 9.78259
8285 10.1171 10.0383
8290 9.14864 8.34632
8295 9.43102 8.56742
8300 9.99891 9.72571
8305 9.37873 9.18842
8310 8.82215 8.24933
8315 9.35023 8.72499
8320 9.0381 8.98395
8325 8.24236 8.2126
8330 9.6684 9.278
8335 9.10521 8.76759
8340 9.5522 9.3038
8345 8.92701 8.71911
8350 9.7651 9.33296
8355 9.52255 9.557
8360 9.80234 9.30605
8365 9.23417 9.17942
8370 8.98616 8.96161
8375 9.3774 8.91225
8380 9.54403 9.24481
8385 9.28954 8.72053
8390 9.26231 9.0052
8395 9.10443 9.04523
8400 9.11038 8.57645
8405 8.78085 8.53743
8410 9.40037 8.67999
8415 8.28607 8.01698
8420 9.67319 8.65093
8425 8.36912 8.05968
8430 9.24803 8.53375
8435 9.03907 8.8234
8440 8.63702 8.09041
8445 8.81219 8.86684
8450 9.47007 9.32846
8455 10.6641 9.32164
8460 9.7935 9.74837
8465 9.38536 8.79469
8470 9.13537 8.92485
8475 9.63086 9.15234
8480 8.82636 9.45943
8485 10.6116 8.95395
8490 8.88218 8.65895
8495 9.36357 8.49874
8500 8.92133 7.8712
8505 9.07131 8.72107
8510 9.27395 9.19241
8515 8.80558 7.79978
8520 9.5375 9.73679
8525 9.78384 8.85835
8530 8.77392 8.3646
8535 9.13009 9.88759
8540 10.3662 8.75474
8545 9.35164 7.91265
8550 9.36531 8.90093
8555 9.34494 9.33153
8560 10.1329 9.38995
8565 10.3865 8.60749
8570 9.41329 8.41217
8575 9.86686 8.92491
8580 9.03124 8.35825
8585 8.58563 7.93347
8590 8.9933 8.33904
8595 9.43025 9.21802
8600 9.7812 8.54038
8605 8.83564 8.21241
8610 9.63069 9.22669
8615 9.55282 8.12884
8620 10.1006 8.30684
8625 10.3545 9.4087
8630 9.7556 9.88485
8635 10.5922 9.33613
8640 10.1695 9.82848
8645 9.98761 7.91248
8650 9.1615 8.63316
8655 10.1309 9.68839
8660 10.6897 8.58313
8665 10.7106 9.53837
8670 8.69007 8.16762
8675 9.24882 8.3226
8680 9.16889 8.2974
8685 8.90396 7.40303
8690 8.83579 7.17189
8695 9.04895 7.97653
8700 9.23897 9.06177
8705 8.92093 7.89753
8710 8.60887 7.18305
8715 9.52808 7.86663
8720 9.14719 7.72886
8725 8.26932 7.48028
8730 9.75424 7.9767
8735 9.69706 7.88986
8740 8.69325 7.47631
8745 9.34679 8.20268
8750 8.29731 7.3254
8755 9.02769 7.70373
8760 8.33634 7.80137
8765 9.45539 7.06564
8770 8.95646 7.25941
8775 8.39865 7.84448
8780 9.47079 7.11069
8785 9.5516 7.64292
8790 8.65375 7.16379
8795 9.09077 7.90592
8800 9.0084 7.01197
8805 8.60618 7.23619
8810 9.15952 8.07329
8815 8.64571 7.30826
8820 8.23691 7.48548
8825 8.547 7.11147
8830 7.77126 7.17931
8835 8.35043 7.38517
8840 8.25004 6.79999
8845 8.02606 7.27478
8850 8.84865 7.53798
8855 7.70549 6.97587
8860 7.6544 6.3853
8865 8.73562 7.30116
8870 8.99406 7.37461
8875 9.38701 7.47737
8880 8.32837 6.73947
8885 8.42454 7.42084
8890 8.64048 7.39114
8895 8.73063 9.11596
8900 10.0984 7.79615
8905 8.72666 8.25227
8910 7.90264 7.44186
8915 8.52394 7.17697
8920 8.19452 7.57066
8925 7.66814 7.22459
8930 8.3282 6.80643
8935 7.1333 6.92723
8940 7.39398 6.68193
8945 7.76667 6.6075
8950 8.59011 7.25472
8955 8.62468 6.25682
8960 8.27679 6.08344
8965 6.9524 5.50592
8970 7.75767 6.62797
8975 8.57311 7.19441
8980 8.49454 6.81471
8985 8.35713 6.73096
8990 7.84443 6.40748
8995 8.84707 6.80455
9000 7.90903 6.98062
9005 7.7275 6.70739
9010 8.20917 6.20775
9015 8.30249 6.17693
9020 7.4913 5.88687
9025 7.84195 6.73293
9030 7.14573 6.69958
9035 7.80139 5.58556
9040 7.41855 5.5059
9045 6.72232 6.17237
9050 7.83253 6.30006
9055 8.04234 6.62021
9060 8.03678 7.13447
9065 8.5993 6.86762
9070 7.90368 6.42916
9075 7.5217 6.5712
9080 8.31775 6.82538
9085 7.64863 6.48039
9090 8.10951 6.36529
9095 7.99579 6.24604
9100 7.96641 6.23494
9105 6.95299 5.3681
9110 7.49261 6.05277
9115 7.90953 5.75594
9120 7.73009 6.12274
9125 8.88593 6.00483
9130 7.16159 5.85738
9135 7.65832 5.8496
9140 8.65942 6.82831
9145 7.73984 5.93212
9150 8.60654 6.72873
9155 8.19015 5.72383
9160 8.26225 6.32451
9165 8.05113 5.86518
9170 7.26528 5.33863
9175 7.30695 6.30942
9180 9.18589 6.51361
9185 8.18871 6.19739
9190 7.13218 6.19743
9195 8.00143 6.35001
9200 8.11398 7.25638
9205 9.15648 5.74597
9210 8.32983 5.64328
9215 8.05751 5.01471
9220 7.47061 5.71801
9225 7.37715 5.08064
9230 6.61983 5.08689
9235 7.51147 4.45635
9240 8.58556 7.41058
9245 8.77509 6.23952
9250 8.70694 6.58815
9255 7.96315 5.8809
9260 7.07919 4.63048
9265 6.0124 5.11055
9270 7.57288 6.24814
9275 8.43545 5.35972
9280 7.82513 5.93753
9285 8.05066 6.54394
9290 7.39273 5.17924
9295 6.47466 5.02771
9300 6.55418 6.40514
9305 6.29674 4.83565
9310 7.33099 4.80027
9315 7.77523 5.14283
9320 6.95269 4.81289
9325 6.9167 4.69169
9330 7.7458 5.52832
9335 7.57138 5.75569
9340 7.86204 5.85996
9345 6.82133 5.21313
9350 7.5743 5.44497
9355 7.61605 6.17503
9360 7.9035 5.37489
9365 6.85607 5.39111
9370 7.40337 5.20529
9375 7.99589 5.50435
9380 6.95426 4.5723
9385 7.12721 4.67464
9390 7.03049 3.8556
9395 6.90485 4.4807
9400 7.73765 5.28383
9405 6.27986 3.54174
9410 8.06332 5.82321
9415 7.30524 5.02364
9420 6.76151 4.70806
9425 7.66693 5.34117
9430 7.66787 4.98262
9435 8.76951 5.54435
9440 7.69744 5.67434
9445 7.83428 6.06535
9450 8.07103 6.40795
9455 8.00342 5.59253
9460 7.56906 5.21884
9465 6.99493 5.20837
9470 8.15065 5.53855
9475 8.23961 5.45485
9480 7.03635 5.59479
9485 7.66631 5.55835
9490 8.08322 5.54001
9495 7.68297 4.97896
9500 7.09337 5.52384
9505 7.99737 5.40859
9510 7.94458 5.78086
9515 7.29296 4.98954
9520 7.82818 4.90145
9525 7.83027 5.49557
9530 7.45502 5.11497
9535 7.57391 5.23872
9540 6.59147 5.26737
9545 7.03561 5.14679
9550 6.91286 4.60888
9555 7.05032 4.50793
9560 7.28 4.7434
9565 7.56095 5.14905
9570 7.9071 5.10009
9575 7.63163 5.5095
9580 7.13305 5.67746
9585 8.03418 5.15698
9590 6.81125 4.91077
9595 8.27344 5.64192
9600 7.90049 5.85745
9605 7.18547 5.27079
9610 7.5772 5.32249
9615 7.56965 5.36564
9620 8.92767 6.44672
9625 8.0433 6.39154
9630 7.91854 5.39083
9635 7.43934 4.96367
9640 8.03113 5.82407
9645 6.53667 4.45472
9650 7.71032 4.94536
9655 7.97364 6.17083
9660 8.02325 4.90992
9665 8.38496 5.63872
9670 7.73432 4.97655
9675 6.74169 5.05709
9680 8.11846 5.58414
9685 7.2457 4.63661
9690 8.59724 5.50898
9695 6.94024 4.84914
9700 7.46411 4.77907
9705 8.35001 5.57401
9710 7.9999 5.24703
9715 8.07705 6.07404
9720 6.98448 4.35334
9725 7.80376 5.42507
9730 7.05856 5.25698
9735 7.89574 4.04585
9740 8.07487 6.58769
9745 7.51857 4.75734
9750 7.06818 4.65575
9755 7.79719 4.87339
9760 7.31029 4.58396
9765 8.1218 4.97129
9770 7.62423 5.28157
9775 6.64606 3.73991
9780 6.50777 5.00782
9785 5.95334 5.0617
9790 7.15909 5.02207
9795 6.94807 5.17795
9800 7.57177 5.63613
9805 7.75544 4.59749
9810 6.97936 4.84942
9815 5.88644 4.13588
9820 6.98465 5.05948
9825 6.96737 4.19455
9830 6.59508 4.18877
9835 6.76567 3.71818
9840 6.30961 4.09369
9845 8.02905 4.93332
9850 7.13334 4.2054
9855 6.70262 4.71043
9860 6.0504 3.46892
9865 6.39081 3.97572
9870 6.63624 4.5997
9875 7.64502 4.47187
9880 6.43624 3.47583
9885 6.50235 4.01666
9890 6.53826 4.45131
9895 6.40914 3.60783
9900 6.14238 4.28709
9905 4.72972 3.01892
9910 7.02468 4.23264
9915 8.83494 5.66664
9920 8.0509 3.80827
9925 6.99081 4.31973
9930 7.06756 4.03184
9935 6.55961 3.44886
9940 7.61624 4.97721
9945 7.48936 3.66825
9950 6.14953 3.68201
9955 7.67877 3.72096
9960 8.08009 4.54425
9965 7.45654 4.06869
9970 7.61644 3.83841
9975 6.96679 3.85663
9980 5.93617 3.70094
9985 6.77811 3.90905
9990 5.68578 3.72198
9995 6.63332 4.18588
10000 5.39145 3.16517
10005 6.9191 5.0268
10010 6.99088 3.62082
10015 7.15223 3.86889
10020 6.40965 3.31156
10025 5.97602 3.52652
10030 6.01384 3.28079
10035 7.30852 3.61865
10040 5.55637 2.94191
10045 6.31044 3.95608
10050 6.66247 3.64734
10055 6.39126 3.8795
10060 5.84529 3.01784
10065 6.03744 3.09404
10070 5.46368 3.07811
10075 6.99169 4.02035
10080 6.50056 2.75453
10085 6.34129 3.78867
10090 6.27634 3.7202
10095 6.2327 3.4718
10100 6.90683 4.51878
10105 5.48512 2.85589
10110 7.89827 4.91021
10115 6.43757 3.72309
10120 6.68569 2.85624
10125 5.91461 3.6607
10130 5.9769 3.43951
10135 6.09216 3.48319
10140 5.86562 2.91751
10145 6.59568 3.16673
10150 5.99736 2.98881
10155 5.60246 3.06171
10160 6.18744 2.94147
10165 5.68862 2.70998
10170 6.32986 3.33055
10175 5.95644 3.52727
10180 7.31908 6.5801
10185 7.44531 4.63688
10190 7.44022 3.12357
10195 6.85794 4.11398
10200 5.51047 3.98316
10205 6.8515 3.72748
10210 7.41899 5.11735
10215 7.51497 3.86412
10220 6.63192 3.45452
10225 5.97817 3.32556
10230 5.67651 3.19945
10235 6.14334 3.19153
10240 5.59409 3.40653
10245 5.95459 3.27774
10250 6.41828 3.77119
10255 5.95291 3.16542
10260 5.50638 3.00301
10265 5.34046 2.78922
10270 6.99749 3.89519
10275 6.68231 3.1557
10280 5.97152 3.46111
10285 6.49791 3.04607
10290 5.97271 3.37455
10295 5.95981 3.02835
10300 5.65662 3.0792
10305 6.21507 2.99833
10310 5.0108 3.17917
10315 5.70838 3.3289
10320 5.55379 2.96486
10325 7.28315 3.32022
10330 6.64317 3.61616
10335 6.10841 3.13812
10340 5.18363 2.83841
10345 5.85004 3.03286
10350 6.27758 3.28093
10355 6.70348 3.67478
10360 5.94352 3.29744
10365 5.29533 2.73254
10370 6.2632 3.1507
10375 6.73364 3.15062
10380 5.53653 4.42591
10385 7.15401 3.36289
10390 4.96998 2.43971
10395 5.30225 2.76704
10400 5.56102 3.08792
10405 5.63638 2.60156
10410 4.78009 3.00374
10415 4.3942 2.60067
10420 5.85136 3.71526
10425 5.98284 2.96695
10430 4.89135 2.56639
10435 6.58183 2.44182
10440 5.38413 2.48543
10445 5.7628 2.57073
10450 5.80645 2.77607
10455 4.53689 2.55969
10460 5.99153 2.58193
10465 6.85317 3.76682
10470 5.39559 2.6911
10475 5.32684 3.16761
10480 5.5158 3.27673
10485 4.6234 2.2297
10490 4.66495 2.71082
10495 4.76595 2.5538
10500 4.57047 2.47847
10505 6.43289 3.30342
10510 5.98392 2.91582
10515 4.55773 2.31159
10520 6.07681 3.74124
10525 4.64674 2.07677
10530 5.2762 1.99051
10535 5.27576 2.19942
10540 6.17901 2.20632
10545 5.73646 2.43663
10550 4.78888 2.12533
10555 5.42091 3.25816
10560 5.1706 2.4266
10565 5.00889 2.08982
10570 4.986 2.1745
10575 4.86014 2.77985
10580 5.19654 2.018
10585 4.90133 2.55063
10590 5.26738 2.0644
10595 4.71821 2.33051
10600 4.58758 2.50617
10605 4.35813 1.79703
10610 4.57823 2.39429
10615 6.35877 2.93924
10620 4.73555 1.96883
10625 4.66006 2.42531
10630 4.9776 3.15282
10635 5.17881 3.16371
10640 5.33954 3.12825
10645 5.82851 2.89627
10650 4.70789 2.30949
10655 5.00779 2.42161
10660 5.19372 2.57844
10665 5.41975 3.08525
10670 5.41027 2.28293
10675 5.16028 2.43085
10680 5.51792 2.345
10685 5.50402 2.96575
10690 4.9656 2.84462
10695 4.92366 3.43353
10700 4.6132 2.8158
10705 5.21456 2.57237
10710 5.27918 1.9532
10715 5.12368 2.78099
10720 4.6368 2.40335
10725 5.00218 2.26747
10730 4.01192 1.96602
10735 4.19348 2.032
10740 4.73966 1.56054
10745 3.7091 1.72481
10750 3.90494 1.95191
10755 4.25648 2.55277
10760 4.41639 2.80768
10765 5.21477 2.26026
10770 5.07964 2.33583
10775 4.81244 2.22515
10780 4.73986 2.55671
10785 4.74585 1.83457
10790 4.56554 2.19092
10795 4.58031 2.01637
10800 4.9809 2.09118
10805 4.61807 2.65005
10810 3.67838 2.15971
10815 5.3646 2.24824
10820 4.92008 2.21668
10825 5.10629 2.07143
10830 5.41632 2.58712
10835 4.20748 1.93332
10840 5.30325 1.99417
10845 5.28289 2.32753
10850 4.71558 1.98251
10855 4.82881 1.98782
10860 4.58782 2.74185
10865 4.77674 2.2254
10870 4.92759 1.92918
10875 4.37003 2.15571
10880 5.74265 2.58888
10885 4.35763 2.38766
10890 4.43393 2.39949
10895 5.52934 1.96483
10900 5.18876 2.52724
10905 5.47077 2.34263
10910 4.83285 1.65103
10915 5.20434 2.17868
10920 4.65413 2.15583
10925 4.94318 2.27392
10930 4.71723 2.06842
10935 5.51231 1.99328
10940 4.29021 2.42994
10945 4.09461 2.11327
10950 5.52111 2.46633
10955 4.57937 2.53669
10960 5.40285 2.78091
10965 6.84288 2.77887
10970 5.16386 2.30565
10975 5.10232 2.34701
10980 3.95668 1.94252
10985 4.45294 1.94771
10990 4.37024 2.44094
10995 5.11106 2.79949
11000 4.93023 1.69664
11005 4.13215 1.84792
11010 5.01402 1.78956
11015 4.97495 2.4173
11020 4.5251 2.49407
11025 4.62077 2.71273
11030 4.64889 2.26456
11035 4.39089 2.52539
11040 4.47317 2.4285
11045 3.63292 1.89458
11050 5.05534 2.17173
11055 4.58753 2.47428
11060 4.69094 2.51049
11065 4.7893 2.74258
11070 4.60027 2.50759
11075 4.48013 1.65869
11080 4.01519 2.32806
11085 5.09689 2.59318
11090 4.95103 1.86205
11095 4.29156 1.4698
11100 4.50446 2.05816
11105 5.75293 1.97696
11110 4.45223 1.911
11115 4.93351 2.06688
11120 4.23791 1.55017
11125 4.55078 2.3525
11130 4.79305 1.90777
11135 5.87341 2.31332
11140 5.84917 2.24072
11145 5.66771 2.32341
11150 3.3258 1.94462
11155 3.65645 1.92318
11160 4.78716 1.96263
11165 4.03889 1.95642
11170 4.37769 1.65014
11175 4.51462 2.58736
11180 3.98279 2.06938
11185 3.43018 1.56606
11190 5.45935 2.48524
11195 3.86508 1.8294
11200 4.17748 1.94407
11205 3.60698 2.20318
11210 4.40823 2.23134
11215 4.63266 2.02432
11220 4.15826 2.4336
11225 4.76064 2.00029
11230 4.98299 2.33086
11235 4.11026 1.7647
11240 5.41291 2.33238
11245 4.15566 2.09193
11250 4.25526 1.5946
11255 4.32578 1.91142
11260 3.72837 1.65623
11265 3.53269 1.86819
11270 4.78761 2.3707
11275 4.87436 2.52314
11280 4.32571 1.66167
11285 3.767 1.87039
11290 4.76127 1.73803
11295 4.21594 1.43578
11300 3.79939 1.45703
11305 4.01176 1.8488
11310 3.53291 1.83018
11315 4.64216 1.88997
11320 4.20654 2.31643
11325 4.86712 1.85648
11330 4.0291 1.87143
11335 3.62272 1.54568
11340 3.31196 1.34725
11345 4.18538 2.09902
11350 4.20302 1.74036
11355 3.4047 1.46822
11360 4.5211 1.97984
11365 4.71735 1.58769
11370 5.14679 1.86221
11375 4.17545 1.6843
11380 4.07504 1.818
11385 4.49165 1.93241
11390 4.39837 1.76044
11395 3.57557 1.86195
11400 4.56425 1.99205
11405 5.24352 1.89693
11410 4.65963 2.34552
11415 4.27149 1.88951
11420 3.90358 1.73533
11425 4.9489 1.78331
11430 3.86334 1.85326
11435 4.42305 1.79691
11440 3.71334 1.45377
11445 4.85125 1.85859
11450 4.39862 1.23539
11455 4.05412 2.05269
11460 4.16573 1.52094
11465 4.51056 1.59318
11470 3.0243 1.59044
11475 4.36886 1.97038
11480 4.04176 1.54139
11485 3.74828 2.01206
11490 4.24751 2.06529
11495 3.50002 1.4494
11500 4.11721 1.60795
11505 3.38661 1.37909
11510 3.88023 1.84562
11515 3.37994 1.79998
11520 4.66713 2.17155
11525 3.21681 1.64925
11530 3.95885 1.89692
11535 3.75983 1.38158
11540 5.46329 2.40909
11545 4.82954 2.11035
11550 3.63498 1.3926
11555 4.30995 2.43802
11560 4.76042 2.06311
11565 3.94084 1.69139
11570 3.64433 1.73676
11575 3.43236 1.7336
11580 3.76671 2.05706
11585 4.8262 1.59863
11590 3.29757 1.68068
11595 4.24699 1.69083
11600 2.72913 1.60291
11605 2.35249 1.37982
11610 2.99533 1.24335
11615 5.60064 1.79218
11620 3.35122 1.44352
11625 3.74872 1.80518
11630 3.49142 1.72709
11635 3.61652 1.33228
11640 3.31197 1.75948
11645 4.38868 1.37527
11650 3.81304 1.90712
11655 4.47153 1.71953
11660 3.16789 1.49575
11665 3.46855 1.50468
11670 5.02019 1.98932
11675 4.28281 1.75781
11680 3.77482 1.66431
11685 3.94685 1.64135
11690 3.74845 1.69247
11695 3.54895 1.43065
11700 3.91024 1.88787
11705 3.23578 1.3394
11710 3.50197 1.24614
11715 4.07252 1.31712
11720 3.62558 1.45183
11725 4.27049 1.55163
11730 3.97123 2.10164
11735 3.52541 1.89306
11740 3.68665 1.4633
11745 3.17546 1.8721
11750 4.44122 1.5968
11755 4.03661 1.77277
11760 2.83872 1.29497
11765 3.66584 1.48016
11770 2.73698 1.26519
11775 3.22929 1.69359
11780 3.95571 1.16669
11785 3.70168 1.6144
11790 2.72233 1.10308
11795 3.71496 1.6745
11800 2.73004 1.52125
11805 3.1033 1.19127
11810 3.12722 1.39657
11815 4.56435 1.61688
11820 3.32096 1.64469
11825 3.50212 1.4615
11830 3.4225 1.78194
11835 3.73313 1.81367
11840 3.81113 1.46716
11845 3.71663 1.25612
11850 3.50475 1.61775
11855 3.63621 1.20053
11860 3.52358 1.70388
11865 3.87394 1.69294
11870 2.34367 1.35339
11875 4.03285 1.72656
11880 5.25761 2.02742
11885 3.67359 1.76019
11890 4.20913 1.83878
11895 3.95919 1.32547
11900 3.21744 1.60273
11905 3.26596 1.67594
11910 2.86564 1.39043
11915 2.71096 1.38812
11920 3.40211 1.52769
11925 3.07141 1.39477
11930 3.06239 1.233
11935 3.47164 1.41403
11940 3.93114 1.56075
11945 3.79219 1.48431
11950 3.61898 1.45527
11955 4.05947 1.41877
11960 3.64745 1.50438
11965 3.84753 1.44067
11970 4.43209 2.05361
11975 4.2215 1.7141
11980 3.13224 1.85365
11985 4.28559 1.5762
11990 4.08172 1.93343
11995 3.15905 1.4337
12000 4.52487 1.5266
12005 3.95297 2.95447
12010 4.08628 1.42827
12015 3.95746 1.60348
12020 3.24565 1.51245
12025 3.55555 1.39679
12030 3.18391 1.47246
12035 4.0374 1.27957
12040 3.49607 1.16232
12045 2.56175 1.49958
12050 2.90214 1.43642
12055 3.05856 1.13867
12060 3.23619 1.17619
12065 2.62335 1.25748
12070 2.8703 1.19194
12075 4.67476 1.654
12080 4.40793 1.49446
12085 3.24722 1.3585
12090 3.68168 1.58742
12095 4.58994 1.98894
12100 3.66075 1.59155
12105 2.98907 1.20926
12110 3.88017 1.22526
12115 2.84983 1.13902
12120 2.77241 1.60146
12125 3.29912 1.49098
12130 2.35892 1.12091
12135 3.20737 1.52689
12140 2.61582 1.86776
12145 2.99882 1.00515
12150 3.21433 1.39492
12155 3.03265 1.27246
12160 3.57791 1.51053
12165 2.85658 1.07261
12170 3.26402 1.31242
12175 3.14628 1.21266
12180 3.41317 1.77676
12185 3.70601 1.21691
12190 3.75829 1.60403
12195 2.66808 1.11921
12200 3.23182 1.54742
12205 3.24576 1.51288
12210 3.94205 1.26271
12215 3.2905 1.354
12220 4.17022 2.62484
12225 3.73607 1.43126
12230 3.07779 1.11648
12235 3.24422 1.39518
12240 2.21032 1.11676
12245 3.02761 1.22917
12250 2.73357 1.21527
12255 4.4555 1.03453
12260 3.4325 1.20662
12265 2.97127 1.35997
12270 2.85082 1.49053
12275 3.53842 1.62368
12280 2.6537 1.11476
12285 3.14608 1.11262
12290 2.56861 1.0996
12295 2.9585 1.19887
12300 3.78807 2.04749
12305 3.63893 1.78095
12310 2.59609 1.2272
12315 3.16134 1.83742
12320 3.46894 1.74322
12325 3.6518 1.23366
12330 3.74949 1.55248
12335 3.50041 1.17445
12340 3.65071 1.40592
12345 3.79502 1.23174
12350 2.88006 1.12547
12355 3.01289 1.21148
12360 3.41742 1.73059
12365 3.78593 1.78784
12370 3.17629 1.96478
12375 4.02918 1.51108
12380 3.55525 1.41117
12385 2.53377 1.01589
12390 3.3912 1.75215
12395 3.22787 1.71152
12400 3.89681 1.56348
12405 3.64503 1.37016
12410 3.29624 1.09176
12415 2.97503 1.56581
12420 3.98002 1.65014
12425 3.98102 1.55395
12430 4.03107 1.41899
12435 3.63211 1.01504
12440 3.44566 1.36453
12445 3.05603 1.24183
12450 2.93337 1.31625
12455 3.11309 1.21589
12460 3.24963 1.25059
12465 3.16705 1.72804
12470 3.14399 1.26561
12475 2.89069 1.10429
12480 2.37025 1.06438
12485 3.80658 1.29357
12490 3.17722 0.908207
12495 3.58716 1.31462
12500 3.05653 1.10799
12505 3.07388 1.3102
12510 2.93006 0.925841
12515 3.37857 1.37232
12520 3.12234 0.97775
12525 2.54422 0.876988
12530 2.79938 1.27526
12535 2.60754 0.804645
12540 3.31097 1.15302
12545 3.15674 1.2441
12550 3.47106 1.55086
12555 2.8749 1.48415
12560 3.17998 1.34609
12565 3.21049 1.3228
12570 2.70182 1.22363
12575 3.22856 0.988548
12580 2.8237 0.98913
12585 2.59549 1.16669
12590 2.96924 1.40825
12595 2.96033 1.59013
12600 2.75006 1.24199
12605 3.53356 1.16161
12610 3.69927 1.7776
12615 3.33832 1.32341
12620 3.43831 1.13523
12625 2.76357 1.37529
12630 2.3764 0.990623
12635 2.6323 1.20435
12640 2.75782 1.16612
12645 2.3686 1.21073
12650 3.07243 1.49137
12655 2.76801 1.07974
12660 2.72738 1.28402
12665 2.69003 1.52121
12670 3.10814 1.11589
12675 2.62219 1.10216
12680 3.68341 1.03935
12685 3.97441 1.5594
12690 3.99955 1.01275
12695 3.63935 1.2751
12700 4.32554 1.55212
12705 2.37817 0.949385
12710 2.62247 0.974441
12715 3.1118 1.46608
12720 2.7045 1.21854
12725 3.02269 1.28916
12730 2.82123 1.0625
12735 3.07801 1.01518
12740 2.90345 1.47761
12745 2.92694 1.61965
12750 3.30051 0.977688
12755 2.81426 1.02253
12760 3.19471 1.8109
12765 3.25836 1.5922
12770 2.76556 0.91292
12775 3.44693 1.56194
12780 2.64361 1.05327
12785 2.88894 1.16082
12790 2.87781 1.19511
12795 2.72127 0.980771
12800 2.87895 1.15322
12805 2.29986 0.782236
12810 2.95536 1.0987
12815 2.53436 1.27995
12820 2.06347 0.890862
12825 4.11951 1.0569
12830 2.79113 1.18595
12835 3.19026 1.18935
12840 3.41102 1.21323
12845 3.44245 1.6364
12850 2.20194 0.891249
12855 2.39574 0.767086
12860 3.08947 1.6659
12865 2.74281 0.956367
12870 3.59881 1.43373
12875 2.60162 1.31962
12880 2.50604 1.21633
12885 3.64865 1.52804
12890 3.29348 1.00102
12895 2.51207 0.954233
12900 2.69856 0.890786
12905 2.25824 0.853558
12910 3.25796 1.49289
12915 3.58514 1.24584
12920 2.81299 1.17993
12925 3.38812 1.05065
12930 3.39293 1.28002
12935 2.78124 1.09667
12940 2.57986 1.19214
12945 2.90507 0.899401
12950 2.83732 1.0644
12955 2.33864 1.01187
12960 2.68938 1.01983
12965 3.46681 1.38502
12970 2.53363 1.42502
12975 2.40958 1.57436
12980 3.17217 0.916054
12985 2.24477 1.04272
12990 2.84608 1.08849
12995 3.11318 1.36923
13000 3.1199 1.13007
13005 2.69554 1.14163
13010 2.59573 2.24901
13015 3.58892 1.15853
13020 3.05416 1.36036
13025 2.45035 1.2312
13030 2.85839 1.39817
13035 2.46472 1.06519
13040 2.90696 1.19861
13045 2.48192 1.02612
13050 1.96869 0.814861
13055 2.80345 1.43708
13060 2.93427 0.843853
13065 2.80104 0.998437
13070 2.04531 0.958721
13075 2.7304 1.07564
13080 3.05806 1.15096
13085 2.35378 1.06101
13090 2.95649 0.80577
13095 1.92019 1.03395
13100 2.76787 0.926714
13105 2.18764 0.907104
13110 2.7929 1.51358
13115 2.82311 1.32349
13120 2.79522 1.06245
13125 3.66428 1.0669
13130 2.86325 1.00469
13135 3.23681 1.11347
13140 2.39723 1.05688
13145 2.23654 0.918776
13150 1.91321 0.964842
13155 2.56434 1.04339
13160 2.3088 1.02041
13165 2.47042 1.03522
13170 1.88761 1.0224
13175 2.43592 0.934478
13180 3.12177 1.17876
13185 2.52828 1.03616
13190 3.43488 1.14852
13195 3.95927 1.7681
13200 2.8447 0.882686
13205 2.53745 1.07596
13210 2.59598 0.937821
13215 2.09254 0.793422
13220 2.32111 1.11932
13225 2.09971 1.04548
13230 2.87957 1.1346
13235 3.18707 1.42068
13240 3.09588 0.986457
13245 3.18353 0.966553
13250 2.70741 1.35643
13255 2.23217 1.05052
13260 1.98694 0.839659
13265 2.5385 1.0965
13270 2.70685 1.12206
13275 2.5633 0.955404
13280 1.76481 1.02396
13285 2.75435 1.18012
13290 2.37569 1.3682
13295 2.24533 0.762818
13300 2.53925 1.00837
13305 2.60204 1.05674
13310 2.35674 1.06028
13315 3.63999 1.05992
13320 2.67325 1.64778
13325 4.42371 1.02982
13330 2.70424 0.952442
13335 3.63538 1.66477
13340 2.90443 1.23322
13345 3.58847 1.7182
13350 3.46837 0.96456
13355 2.66277 0.992026
13360 1.52126 0.901212
13365 2.61225 1.3124
13370 2.4412 1.62457
13375 2.6836 0.914399
13380 3.63538 1.09826
13385 2.10721 0.878526
13390 2.66168 0.826173
13395 2.9819 1.26518
13400 2.28812 1.00556
13405 2.07207 0.960908
13410 2.74891 1.22614
13415 3.13052 1.40017
13420 3.11392 1.41148
13425 3.32106 1.10615
13430 3.4147 1.14253
13435 2.82441 1.33466
13440 3.26295 1.16803
13445 2.79263 1.243
13450 2.19123 1.05437
13455 2.85327 1.24254
13460 1.95272 0.880809
13465 1.44385 0.670678
13470 2.68816 1.25624
13475 2.8973 1.29459
13480 2.45472 0.9187
13485 2.26499 1.06431
13490 2.49294 1.01791
13495 1.91743 0.853014
13500 1.91364 0.865237
13505 1.76658 1.12638
13510 2.09739 0.69453
13515 2.10681 1.0124
13520 2.41625 0.808191
13525 1.58152 0.962345
13530 1.73756 0.80374
13535 2.29655 0.961509
13540 2.25868 0.758074
13545 2.79593 1.49626
13550 3.14669 1.44471
13555 2.98281 0.962847
13560 3.03001 1.08341
13565 2.29235 1.15583
13570 2.49857 1.06207
13575 2.59045 0.780604
13580 2.02075 0.893524
13585 2.24962 1.18459
13590 2.99527 1.5158
13595 2.63177 0.804305
13600 2.01908 0.805792
13605 2.6793 0.99795
13610 2.51226 1.12037
13615 3.23669 0.815654
13620 2.67639 1.33167
13625 2.85057 1.37061
13630 3.4316 0.845393
13635 2.14353 0.985392
13640 2.38202 1.01271
13645 2.92079 1.05802
13650 3.17005 1.08056
13655 2.41978 1.0509
13660 2.77998 1.0291
13665 2.80401 1.1548
13670 2.70133 0.95245
13675 2.33225 0.937927
13680 2.58761 0.965352
13685 2.35955 1.05352
13690 2.15121 0.9922
13695 2.45855 1.16693
13700 2.20492 1.2555
13705 2.42024 1.00094
13710 2.3275 0.978921
13715 2.2112 0.967621
13720 1.90149 1.0508
13725 2.00474 0.662955
13730 2.8542 1.0159
13735 2.27205 0.858238
13740 2.12258 0.923717
13745 2.42419 0.954909
13750 2.49053 1.09316
13755 2.11788 0.780286
13760 2.06818 0.797065
13765 1.8605 1.02806
13770 2.58678 0.813516
13775 2.56587 0.966773
13780 2.54295 0.900696
13785 2.59169 1.2509
13790 2.45998 0.878286
13795 1.98421 0.695292
13800 2.60544 0.955748
13805 2.40141 0.885961
13810 2.05312 0.711176
13815 2.00466 1.02322
13820 1.96977 0.765659
13825 2.19971 0.998646
13830 2.75322 0.809038
13835 2.07017 0.874655
13840 2.26889 0.75159
13845 2.20736 0.757441
13850 2.30232 0.671665
13855 2.30292 0.753392
13860 2.33447 0.934669
13865 1.90294 1.05258
13870 2.67583 0.897348
13875 2.58592 0.793626
13880 2.45787 0.995678
13885 2.61355 0.697613
13890 2.67855 0.931672
13895 2.60768 1.14963
13900 2.17837 0.986532
13905 2.18176 1.15112
13910 1.82852 0.610391
13915 1.63878 0.882289
13920 1.88828 0.637419
13925 1.97053 0.961406
13930 2.00557 0.985209
13935 2.33971 1.02619
13940 1.84078 0.879734
13945 1.68998 0.74632
13950 2.23593 0.844264
13955 2.33331 0.87368
13960 1.57888 0.767443
13965 2.45825 0.992412
13970 2.46184 1.549
13975 2.0842 0.800795
13980 1.85117 0.850662
13985 2.33942 0.803866
13990 1.59768 0.887616
13995 2.42057 0.782501
14000 2.30045 0.766947
14005 2.65356 0.886988
14010 1.91409 0.797248
14015 2.56492 1.0673
14020 1.68831 0.750481
14025 1.97316 0.883037
14030 1.99186 0.784397
14035 2.31767 1.03494
14040 1.81304 0.946215
14045 2.17547 0.756245
14050 2.58095 1.24642
14055 2.35908 1.04501
14060 2.36322 0.881022
14065 2.34099 0.801104
14070 2.0906 0.797368
14075 2.39436 0.906809
14080 2.53848 0.736532
14085 2.26354 1.00114
14090 2.07239 0.936109
14095 1.67317 0.671082
14100 2.05055 0.806781
14105 2.33745 0.837704
14110 2.50289 0.929538
14115 1.97843 0.749125
14120 2.05469 0.950505
14125 2.4178 1.29207
14130 2.68359 0.978046
14135 2.204 0.702036
14140 2.6568 0.842801
14145 2.28605 0.725993
14150 2.31271 0.816758
14155 2.08997 0.697939
14160 1.58064 0.815875
14165 1.38111 0.754133
14170 2.22336 0.780605
14175 1.79855 0.821665
14180 2.65628 1.23364
14185 2.47017 0.94019
14190 2.4111 1.03967
14195 2.05456 0.782842
14200 1.83669 1.01952
14205 2.43398 1.12252
14210 2.41879 1.20916
14215 2.42311 1.03036
14220 2.27936 1.19474
14225 2.02728 0.749184
14230 2.13654 1.1285
14235 2.39851 1.08539
14240 2.47808 0.938218
14245 2.26507 0.843924
14250 2.2043 0.803789
14255 2.81295 1.05961
14260 2.40762 0.96035
14265 2.69187 1.41248
14270 2.15884 0.9226
14275 2.30879 0.923185
14280 1.92129 0.86073
14285 2.1388 1.0665
14290 2.14845 0.866951
14295 1.92419 1.01679
14300 2.18919 0.881878
14305 2.01729 0.785425
14310 3.03663 0.913344
14315 2.54353 1.30579
14320 2.58721 0.96551
14325 2.77135 0.862618
14330 2.64464 1.24343
14335 2.21533 0.844485
14340 1.91642 0.894338
14345 1.73715 0.624126
14350 2.43964 1.09029
14355 2.25234 0.673657
14360 1.89464 0.93848
14365 1.86706 0.975332
14370 2.12999 0.904973
14375 2.16869 0.814405
14380 1.72947 1.09786
14385 2.14787 0.781935
14390 2.24281 1.76583
14395 2.53059 0.830728
14400 1.92425 0.596654
14405 2.31079 1.04046
14410 2.76599 0.98435
14415 2.49078 0.738355
14420 2.27312 0.933384
14425 2.08906 0.856572
14430 2.50949 0.708677
14435 1.86329 0.745563
14440 1.92967 0.724973
14445 2.86273 1.07357
14450 1.92794 0.91072
14455 2.41878 1.08078
14460 2.63548 0.777456
14465 2.28675 1.06151
14470 2.50504 0.866379
14475 2.02596 0.745214
14480 2.12323 0.897924
14485 2.05214 0.803969
14490 2.26416 0.810859
14495 2.36581 0.999805
14500 2.04874 0.716598
14505 1.75806 0.884165
14510 2.20279 1.38392
14515 2.10118 0.961204
14520 2.86416 0.859828
14525 2.11592 0.731776
14530 2.64283 0.827172
14535 2.16027 0.739136
14540 1.7857 0.889489
14545 1.76426 0.81468
14550 2.24111 0.675759
14555 1.46317 0.693288
14560 1.85326 0.788291
14565 1.7709 0.940813
14570 1.90261 0.759318
14575 1.92762 0.646489
14580 2.03796 0.882118
14585 1.42118 0.683203
14590 2.19781 0.974925
14595 2.60113 0.668165
14600 1.64434 0.694199
14605 2.53987 0.698772
14610 2.43734 1.03099
14615 1.57764 0.504464
14620 1.39684 0.731993
14625 2.50705 1.529
14630 2.07027 0.851287
14635 2.1868 0.811979
14640 2.26651 0.952377
14645 1.96237 0.988857
14650 1.79296 0.636761
14655 1.79296 0.912687
14660 2.09468 0.62817
14665 2.19127 0.72798
14670 2.42913 0.73461
14675 1.77675 0.749312
14680 2.13377 1.07754
14685 1.96774 0.683239
14690 2.19374 0.794432
14695 2.31193 1.01218
14700 2.2078 0.847719
14705 2.55395 0.684718
14710 1.98338 0.653984
